acmi_id,acmi_name,wikidata_id,wikidata_name,acmi_title,wikidata_title,match
14481,STAN MURDOCH,Q3496475,STAN BROCK,DON'T START OFF WITH AN ACCIDENT,ESCAPE FROM ANGOLA,16
14481,STAN MURDOCH,Q3496475,STAN BROCK,DON'T BE STRAINED,ESCAPE FROM ANGOLA,17
14481,STAN MURDOCH,Q3496475,STAN BROCK,DON'T BE INCORRECTLY DRESSED,ESCAPE FROM ANGOLA,13
14481,STAN MURDOCH,Q3496475,STAN BROCK,DON'T BE A FALL GUY,ESCAPE FROM ANGOLA,27
14481,STAN MURDOCH,Q2213516,WENDI MURDOCH,DON'T START OFF WITH AN ACCIDENT,SNOW FLOWER AND THE SECRET FAN,48
14481,STAN MURDOCH,Q2213516,WENDI MURDOCH,DON'T BE STRAINED,SNOW FLOWER AND THE SECRET FAN,34
14481,STAN MURDOCH,Q2213516,WENDI MURDOCH,DON'T BE INCORRECTLY DRESSED,SNOW FLOWER AND THE SECRET FAN,34
14481,STAN MURDOCH,Q2213516,WENDI MURDOCH,DON'T BE A FALL GUY,SNOW FLOWER AND THE SECRET FAN,37
14481,STAN MURDOCH,Q2746295,STUART MURDOCH,DON'T START OFF WITH AN ACCIDENT,GOD HELP THE GIRL,24
14481,STAN MURDOCH,Q2746295,STUART MURDOCH,DON'T BE STRAINED,GOD HELP THE GIRL,29
14481,STAN MURDOCH,Q2746295,STUART MURDOCH,DON'T BE INCORRECTLY DRESSED,GOD HELP THE GIRL,36
14481,STAN MURDOCH,Q2746295,STUART MURDOCH,DON'T BE A FALL GUY,GOD HELP THE GIRL,28
