acmi_id,acmi_name,wikidata_id,wikidata_name,acmi_title,wikidata_title,match
12581,DAVID BILCOCK,Q562719,DAVID BELASCO,MANUFACTURE: CARE AND USE OF WOOD CHISELS,LADIES OF LEISURE,42
12581,DAVID BILCOCK,Q562719,DAVID BELASCO,DEATH RAILWAY,THE WARRENS OF VIRGINIA,39
12581,DAVID BILCOCK,Q562719,DAVID BELASCO,BABY AND THE BOTTLE,THE GOLD DIGGERS,46
12581,DAVID BILCOCK,Q562719,DAVID BELASCO,JOURNEY OF A LIFETIME,LADIES OF LEISURE,42
12581,DAVID BILCOCK,Q562719,DAVID BELASCO,DEATH RAILWAY (CAPTIONED),THE WARRENS OF VIRGINIA,39
12581,DAVID BILCOCK,Q562719,DAVID BELASCO,AROUND A GUM TREE,MEN AND WOMEN,47
12581,DAVID BILCOCK,Q562719,DAVID BELASCO,BREAKTHROUGH,THE CASE OF BECKY,34
12581,DAVID BILCOCK,Q562719,DAVID BELASCO,ALPINE HARVEST,THE PRINCE OF PILSEN,41
12581,DAVID BILCOCK,Q562719,DAVID BELASCO,THE BANANA STORY,THE CASE OF BECKY,48
12581,DAVID BILCOCK,Q562719,DAVID BELASCO,SHRINE,THE PRINCE OF PILSEN,38
12581,DAVID BILCOCK,Q4088263,DAVID BLOK,MANUFACTURE: CARE AND USE OF WOOD CHISELS,DISAPPEARANCE OF 'THE EAGLE',39
12581,DAVID BILCOCK,Q4088263,DAVID BLOK,DEATH RAILWAY,V TYLU VRAGA,40
12581,DAVID BILCOCK,Q4088263,DAVID BLOK,BABY AND THE BOTTLE,IN THE REAR OF THE ENEMY,47
12581,DAVID BILCOCK,Q4088263,DAVID BLOK,JOURNEY OF A LIFETIME,IN THE REAR OF THE ENEMY,36
12581,DAVID BILCOCK,Q4088263,DAVID BLOK,DEATH RAILWAY (CAPTIONED),PRIVATE ALEKSANDR MATROSOV,37
12581,DAVID BILCOCK,Q4088263,DAVID BLOK,AROUND A GUM TREE,DARK IS THE NIGHT,41
12581,DAVID BILCOCK,Q4088263,DAVID BLOK,BREAKTHROUGH,WITHOUT DOWRY,40
12581,DAVID BILCOCK,Q4088263,DAVID BLOK,ALPINE HARVEST,DISAPPEARANCE OF 'THE EAGLE',35
12581,DAVID BILCOCK,Q4088263,DAVID BLOK,THE BANANA STORY,DISAPPEARANCE OF 'THE EAGLE',43
12581,DAVID BILCOCK,Q4088263,DAVID BLOK,SHRINE,HORIZON,62
12581,DAVID BILCOCK,Q5231033,DAVID BACON,MANUFACTURE: CARE AND USE OF WOOD CHISELS,THE MASKED MARVEL,32
12581,DAVID BILCOCK,Q5231033,DAVID BACON,DEATH RAILWAY,THE MASKED MARVEL,20
12581,DAVID BILCOCK,Q5231033,DAVID BACON,BABY AND THE BOTTLE,THE MASKED MARVEL,33
12581,DAVID BILCOCK,Q5231033,DAVID BACON,JOURNEY OF A LIFETIME,THE MASKED MARVEL,26
12581,DAVID BILCOCK,Q5231033,DAVID BACON,DEATH RAILWAY (CAPTIONED),THE MASKED MARVEL,30
12581,DAVID BILCOCK,Q5231033,DAVID BACON,AROUND A GUM TREE,THE MASKED MARVEL,35
12581,DAVID BILCOCK,Q5231033,DAVID BACON,BREAKTHROUGH,THE MASKED MARVEL,41
12581,DAVID BILCOCK,Q5231033,DAVID BACON,ALPINE HARVEST,THE MASKED MARVEL,39
12581,DAVID BILCOCK,Q5231033,DAVID BACON,THE BANANA STORY,THE MASKED MARVEL,42
12581,DAVID BILCOCK,Q5231033,DAVID BACON,SHRINE,THE MASKED MARVEL,26
12581,DAVID BILCOCK,Q3017460,DAVID BAILIE,MANUFACTURE: CARE AND USE OF WOOD CHISELS,PIRATES OF THE CARIBBEAN: DEAD MAN'S CHEST,47
12581,DAVID BILCOCK,Q3017460,DAVID BAILIE,DEATH RAILWAY,IN THE TRAP,42
12581,DAVID BILCOCK,Q3017460,DAVID BAILIE,BABY AND THE BOTTLE,FLAME IN THE STREETS,46
12581,DAVID BILCOCK,Q3017460,DAVID BAILIE,JOURNEY OF A LIFETIME,THE MESSENGER: THE STORY OF JOAN OF ARC,37
12581,DAVID BILCOCK,Q3017460,DAVID BAILIE,DEATH RAILWAY (CAPTIONED),THE CREEPING FLESH,39
12581,DAVID BILCOCK,Q3017460,DAVID BAILIE,AROUND A GUM TREE,FLAME IN THE STREETS,43
12581,DAVID BILCOCK,Q3017460,DAVID BAILIE,BREAKTHROUGH,THE HOUSE THAT JACK BUILT,38
12581,DAVID BILCOCK,Q3017460,DAVID BAILIE,ALPINE HARVEST,THE CREEPING FLESH,44
12581,DAVID BILCOCK,Q3017460,DAVID BAILIE,THE BANANA STORY,FLAME IN THE STREETS,56
12581,DAVID BILCOCK,Q3017460,DAVID BAILIE,SHRINE,CUTTHROAT ISLAND,36
12581,DAVID BILCOCK,Q3017584,DAVID BUCK,MANUFACTURE: CARE AND USE OF WOOD CHISELS,DEADFALL,17
12581,DAVID BILCOCK,Q3017584,DAVID BUCK,DEATH RAILWAY,DEADFALL,48
12581,DAVID BILCOCK,Q3017584,DAVID BUCK,BABY AND THE BOTTLE,THE MUMMY'S SHROUD,38
12581,DAVID BILCOCK,Q3017584,DAVID BUCK,JOURNEY OF A LIFETIME,THE MUMMY'S SHROUD,21
12581,DAVID BILCOCK,Q3017584,DAVID BUCK,DEATH RAILWAY (CAPTIONED),DEADFALL,32
12581,DAVID BILCOCK,Q3017584,DAVID BUCK,AROUND A GUM TREE,THE MUMMY'S SHROUD,46
12581,DAVID BILCOCK,Q3017584,DAVID BUCK,BREAKTHROUGH,THE MUMMY'S SHROUD,33
12581,DAVID BILCOCK,Q3017584,DAVID BUCK,ALPINE HARVEST,DEADFALL,18
12581,DAVID BILCOCK,Q3017584,DAVID BUCK,THE BANANA STORY,THE MUMMY'S SHROUD,41
12581,DAVID BILCOCK,Q3017584,DAVID BUCK,SHRINE,THE MUMMY'S SHROUD,33
12581,DAVID BILCOCK,Q1173625,DAVID BAILEY,MANUFACTURE: CARE AND USE OF WOOD CHISELS,UP THE MACGREGORS!,35
12581,DAVID BILCOCK,Q1173625,DAVID BAILEY,DEATH RAILWAY,UP THE MACGREGORS!,27
12581,DAVID BILCOCK,Q1173625,DAVID BAILEY,BABY AND THE BOTTLE,ABOVE THE RIM,44
12581,DAVID BILCOCK,Q1173625,DAVID BAILEY,JOURNEY OF A LIFETIME,ABOVE THE RIM,35
12581,DAVID BILCOCK,Q1173625,DAVID BAILEY,DEATH RAILWAY (CAPTIONED),UP THE MACGREGORS!,30
12581,DAVID BILCOCK,Q1173625,DAVID BAILEY,AROUND A GUM TREE,ABOVE THE RIM,47
12581,DAVID BILCOCK,Q1173625,DAVID BAILEY,BREAKTHROUGH,UP THE MACGREGORS!,34
12581,DAVID BILCOCK,Q1173625,DAVID BAILEY,ALPINE HARVEST,ABOVE THE RIM,37
12581,DAVID BILCOCK,Q1173625,DAVID BAILEY,THE BANANA STORY,ABOVE THE RIM,48
12581,DAVID BILCOCK,Q1173625,DAVID BAILEY,SHRINE,ABOVE THE RIM,32
12581,DAVID BILCOCK,Q5231407,DAVID BILCOCK,MANUFACTURE: CARE AND USE OF WOOD CHISELS,ALVIN RIDES AGAIN,18
12581,DAVID BILCOCK,Q5231407,DAVID BILCOCK,DEATH RAILWAY,ALVIN RIDES AGAIN,13
12581,DAVID BILCOCK,Q5231407,DAVID BILCOCK,BABY AND THE BOTTLE,ALVIN RIDES AGAIN,22
12581,DAVID BILCOCK,Q5231407,DAVID BILCOCK,JOURNEY OF A LIFETIME,ALVIN RIDES AGAIN,21
12581,DAVID BILCOCK,Q5231407,DAVID BILCOCK,DEATH RAILWAY (CAPTIONED),ALVIN RIDES AGAIN,30
12581,DAVID BILCOCK,Q5231407,DAVID BILCOCK,AROUND A GUM TREE,ALVIN RIDES AGAIN,35
12581,DAVID BILCOCK,Q5231407,DAVID BILCOCK,BREAKTHROUGH,ALVIN RIDES AGAIN,14
12581,DAVID BILCOCK,Q5231407,DAVID BILCOCK,ALPINE HARVEST,ALVIN RIDES AGAIN,52
12581,DAVID BILCOCK,Q5231407,DAVID BILCOCK,THE BANANA STORY,ALVIN RIDES AGAIN,36
12581,DAVID BILCOCK,Q5231407,DAVID BILCOCK,SHRINE,ALVIN RIDES AGAIN,26
12581,DAVID BILCOCK,Q5232542,DAVID COOK,MANUFACTURE: CARE AND USE OF WOOD CHISELS,WHO IS KILLING THE GREAT CHEFS OF EUROPE?,40
12581,DAVID BILCOCK,Q5232542,DAVID COOK,DEATH RAILWAY,WHO IS KILLING THE GREAT CHEFS OF EUROPE?,26
12581,DAVID BILCOCK,Q5232542,DAVID COOK,BABY AND THE BOTTLE,WHO IS KILLING THE GREAT CHEFS OF EUROPE?,27
12581,DAVID BILCOCK,Q5232542,DAVID COOK,JOURNEY OF A LIFETIME,WHO IS KILLING THE GREAT CHEFS OF EUROPE?,33
12581,DAVID BILCOCK,Q5232542,DAVID COOK,DEATH RAILWAY (CAPTIONED),WHO IS KILLING THE GREAT CHEFS OF EUROPE?,35
12581,DAVID BILCOCK,Q5232542,DAVID COOK,AROUND A GUM TREE,SECOND BEST,29
12581,DAVID BILCOCK,Q5232542,DAVID COOK,BREAKTHROUGH,SECOND BEST,35
12581,DAVID BILCOCK,Q5232542,DAVID COOK,ALPINE HARVEST,WHO IS KILLING THE GREAT CHEFS OF EUROPE?,26
12581,DAVID BILCOCK,Q5232542,DAVID COOK,THE BANANA STORY,SECOND BEST,30
12581,DAVID BILCOCK,Q5232542,DAVID COOK,SHRINE,SECOND BEST,24
12581,DAVID BILCOCK,Q5231483,DAVID BLOCKER,MANUFACTURE: CARE AND USE OF WOOD CHISELS,BREAKFAST OF CHAMPIONS,32
12581,DAVID BILCOCK,Q5231483,DAVID BLOCKER,DEATH RAILWAY,LOVE AT LARGE,38
12581,DAVID BILCOCK,Q5231483,DAVID BLOCKER,BABY AND THE BOTTLE,LOVE AT LARGE,38
12581,DAVID BILCOCK,Q5231483,DAVID BLOCKER,JOURNEY OF A LIFETIME,LOVE AT LARGE,35
12581,DAVID BILCOCK,Q5231483,DAVID BLOCKER,DEATH RAILWAY (CAPTIONED),MADE IN HEAVEN,32
12581,DAVID BILCOCK,Q5231483,DAVID BLOCKER,AROUND A GUM TREE,LOVE AT LARGE,40
12581,DAVID BILCOCK,Q5231483,DAVID BLOCKER,BREAKTHROUGH,BREAKFAST OF CHAMPIONS,47
12581,DAVID BILCOCK,Q5231483,DAVID BLOCKER,ALPINE HARVEST,LOVE AT LARGE,44
12581,DAVID BILCOCK,Q5231483,DAVID BLOCKER,THE BANANA STORY,THE MODERNS,44
12581,DAVID BILCOCK,Q5231483,DAVID BLOCKER,SHRINE,MADE IN HEAVEN,40
12581,DAVID BILCOCK,Q16728415,BILL C. DAVIS,MANUFACTURE: CARE AND USE OF WOOD CHISELS,MASS APPEAL,27
12581,DAVID BILCOCK,Q16728415,BILL C. DAVIS,DEATH RAILWAY,MASS APPEAL,33
12581,DAVID BILCOCK,Q16728415,BILL C. DAVIS,BABY AND THE BOTTLE,MASS APPEAL,20
12581,DAVID BILCOCK,Q16728415,BILL C. DAVIS,JOURNEY OF A LIFETIME,MASS APPEAL,19
12581,DAVID BILCOCK,Q16728415,BILL C. DAVIS,DEATH RAILWAY (CAPTIONED),MASS APPEAL,35
12581,DAVID BILCOCK,Q16728415,BILL C. DAVIS,AROUND A GUM TREE,MASS APPEAL,21
12581,DAVID BILCOCK,Q16728415,BILL C. DAVIS,BREAKTHROUGH,MASS APPEAL,17
12581,DAVID BILCOCK,Q16728415,BILL C. DAVIS,ALPINE HARVEST,MASS APPEAL,40
12581,DAVID BILCOCK,Q16728415,BILL C. DAVIS,THE BANANA STORY,MASS APPEAL,30
12581,DAVID BILCOCK,Q16728415,BILL C. DAVIS,SHRINE,MASS APPEAL,12
12581,DAVID BILCOCK,Q280870,JILL BILCOCK,MANUFACTURE: CARE AND USE OF WOOD CHISELS,HOW TO MAKE AN AMERICAN QUILT,35
12581,DAVID BILCOCK,Q280870,JILL BILCOCK,DEATH RAILWAY,TILL THERE WAS YOU,52
12581,DAVID BILCOCK,Q280870,JILL BILCOCK,BABY AND THE BOTTLE,ELIZABETH: THE GOLDEN AGE,56
12581,DAVID BILCOCK,Q280870,JILL BILCOCK,JOURNEY OF A LIFETIME,ROMEO + JULIET,55
12581,DAVID BILCOCK,Q280870,JILL BILCOCK,DEATH RAILWAY (CAPTIONED),JAPANESE STORY,43
12581,DAVID BILCOCK,Q280870,JILL BILCOCK,AROUND A GUM TREE,HIGH GROUND,50
12581,DAVID BILCOCK,Q280870,JILL BILCOCK,BREAKTHROUGH,THE DRESSMAKER,46
12581,DAVID BILCOCK,Q280870,JILL BILCOCK,ALPINE HARVEST,THE LIBERTINE,52
12581,DAVID BILCOCK,Q280870,JILL BILCOCK,THE BANANA STORY,JAPANESE STORY,53
12581,DAVID BILCOCK,Q280870,JILL BILCOCK,SHRINE,THE DISH,43
12581,DAVID BILCOCK,Q5240506,DAVID BIRKIN,MANUFACTURE: CARE AND USE OF WOOD CHISELS,THE RETURN OF THE MUSKETEERS,26
12581,DAVID BILCOCK,Q5240506,DAVID BIRKIN,DEATH RAILWAY,THE RETURN OF THE MUSKETEERS,20
12581,DAVID BILCOCK,Q5240506,DAVID BIRKIN,BABY AND THE BOTTLE,THE RETURN OF THE MUSKETEERS,34
12581,DAVID BILCOCK,Q5240506,DAVID BIRKIN,JOURNEY OF A LIFETIME,THE RETURN OF THE MUSKETEERS,37
12581,DAVID BILCOCK,Q5240506,DAVID BIRKIN,DEATH RAILWAY (CAPTIONED),THE RETURN OF THE MUSKETEERS,27
12581,DAVID BILCOCK,Q5240506,DAVID BIRKIN,AROUND A GUM TREE,THE RETURN OF THE MUSKETEERS,36
12581,DAVID BILCOCK,Q5240506,DAVID BIRKIN,BREAKTHROUGH,THE RETURN OF THE MUSKETEERS,25
12581,DAVID BILCOCK,Q5240506,DAVID BIRKIN,ALPINE HARVEST,THE RETURN OF THE MUSKETEERS,24
12581,DAVID BILCOCK,Q5240506,DAVID BIRKIN,THE BANANA STORY,THE RETURN OF THE MUSKETEERS,23
12581,DAVID BILCOCK,Q5240506,DAVID BIRKIN,SHRINE,THE RETURN OF THE MUSKETEERS,18
12581,DAVID BILCOCK,Q902568,DAVID BAILEY,MANUFACTURE: CARE AND USE OF WOOD CHISELS,THE INTRUDER,15
12581,DAVID BILCOCK,Q902568,DAVID BAILEY,DEATH RAILWAY,THE INTRUDER,32
12581,DAVID BILCOCK,Q902568,DAVID BAILEY,BABY AND THE BOTTLE,THE INTRUDER,45
12581,DAVID BILCOCK,Q902568,DAVID BAILEY,JOURNEY OF A LIFETIME,THE INTRUDER,12
12581,DAVID BILCOCK,Q902568,DAVID BAILEY,DEATH RAILWAY (CAPTIONED),THE INTRUDER,29
12581,DAVID BILCOCK,Q902568,DAVID BAILEY,AROUND A GUM TREE,THE INTRUDER,41
12581,DAVID BILCOCK,Q902568,DAVID BAILEY,BREAKTHROUGH,THE INTRUDER,33
12581,DAVID BILCOCK,Q902568,DAVID BAILEY,ALPINE HARVEST,THE INTRUDER,46
12581,DAVID BILCOCK,Q902568,DAVID BAILEY,THE BANANA STORY,THE INTRUDER,50
12581,DAVID BILCOCK,Q902568,DAVID BAILEY,SHRINE,THE INTRUDER,33
12581,DAVID BILCOCK,Q310580,DAVID COOK,MANUFACTURE: CARE AND USE OF WOOD CHISELS,SEVEN DAYS IN UTOPIA,30
12581,DAVID BILCOCK,Q310580,DAVID COOK,DEATH RAILWAY,SEVEN DAYS IN UTOPIA,18
12581,DAVID BILCOCK,Q310580,DAVID COOK,BABY AND THE BOTTLE,SEVEN DAYS IN UTOPIA,21
12581,DAVID BILCOCK,Q310580,DAVID COOK,JOURNEY OF A LIFETIME,URBAN LEGENDS: FINAL CUT,23
12581,DAVID BILCOCK,Q310580,DAVID COOK,DEATH RAILWAY (CAPTIONED),URBAN LEGENDS: FINAL CUT,26
12581,DAVID BILCOCK,Q310580,DAVID COOK,AROUND A GUM TREE,URBAN LEGENDS: FINAL CUT,35
12581,DAVID BILCOCK,Q310580,DAVID COOK,BREAKTHROUGH,SEVEN DAYS IN UTOPIA,12
12581,DAVID BILCOCK,Q310580,DAVID COOK,ALPINE HARVEST,URBAN LEGENDS: FINAL CUT,27
12581,DAVID BILCOCK,Q310580,DAVID COOK,THE BANANA STORY,SEVEN DAYS IN UTOPIA,33
12581,DAVID BILCOCK,Q310580,DAVID COOK,SHRINE,SEVEN DAYS IN UTOPIA,31
12581,DAVID BILCOCK,Q20058766,DAVID CHO,MANUFACTURE: CARE AND USE OF WOOD CHISELS,HOW TO BREAK UP WITH MY CAT,42
12581,DAVID BILCOCK,Q20058766,DAVID CHO,DEATH RAILWAY,MY DEAR ENEMY,38
12581,DAVID BILCOCK,Q20058766,DAVID CHO,BABY AND THE BOTTLE,HOW TO BREAK UP WITH MY CAT,39
12581,DAVID BILCOCK,Q20058766,DAVID CHO,JOURNEY OF A LIFETIME,MY DEAR ENEMY,41
12581,DAVID BILCOCK,Q20058766,DAVID CHO,DEATH RAILWAY (CAPTIONED),PUBLIC TOILET,28
12581,DAVID BILCOCK,Q20058766,DAVID CHO,AROUND A GUM TREE,HOW TO BREAK UP WITH MY CAT,36
12581,DAVID BILCOCK,Q20058766,DAVID CHO,BREAKTHROUGH,HOW TO BREAK UP WITH MY CAT,36
12581,DAVID BILCOCK,Q20058766,DAVID CHO,ALPINE HARVEST,MEOSJIN HARU,38
12581,DAVID BILCOCK,Q20058766,DAVID CHO,THE BANANA STORY,SANTA BARBARA,48
12581,DAVID BILCOCK,Q20058766,DAVID CHO,SHRINE,MEOSJIN HARU,33
12581,DAVID BILCOCK,Q23062405,DAVID BAALCKE,MANUFACTURE: CARE AND USE OF WOOD CHISELS,JEW SUSS: RISE AND FALL,39
12581,DAVID BILCOCK,Q23062405,DAVID BAALCKE,DEATH RAILWAY,"666 - TRAUE KEINEM, MIT DEM DU SCHLAFST!",29
12581,DAVID BILCOCK,Q23062405,DAVID BAALCKE,BABY AND THE BOTTLE,JEW SUSS: RISE AND FALL,39
12581,DAVID BILCOCK,Q23062405,DAVID BAALCKE,JOURNEY OF A LIFETIME,JEW SUSS: RISE AND FALL,33
12581,DAVID BILCOCK,Q23062405,DAVID BAALCKE,DEATH RAILWAY (CAPTIONED),JEW SUSS: RISE AND FALL,36
12581,DAVID BILCOCK,Q23062405,DAVID BAALCKE,AROUND A GUM TREE,JEW SUSS: RISE AND FALL,26
12581,DAVID BILCOCK,Q23062405,DAVID BAALCKE,BREAKTHROUGH,JEW SUSS: RISE AND FALL,18
12581,DAVID BILCOCK,Q23062405,DAVID BAALCKE,ALPINE HARVEST,JEW SUSS: RISE AND FALL,33
12581,DAVID BILCOCK,Q23062405,DAVID BAALCKE,THE BANANA STORY,"666 - TRAUE KEINEM, MIT DEM DU SCHLAFST!",27
12581,DAVID BILCOCK,Q23062405,DAVID BAALCKE,SHRINE,JUD SUSS - FILM OHNE GEWISSEN,24
12581,DAVID BILCOCK,Q29948836,DAVID BIRKE,MANUFACTURE: CARE AND USE OF WOOD CHISELS,SLENDER MAN,16
12581,DAVID BILCOCK,Q29948836,DAVID BIRKE,DEATH RAILWAY,SLENDER MAN,25
12581,DAVID BILCOCK,Q29948836,DAVID BIRKE,BABY AND THE BOTTLE,SLENDER MAN,40
12581,DAVID BILCOCK,Q29948836,DAVID BIRKE,JOURNEY OF A LIFETIME,ELLE,24
12581,DAVID BILCOCK,Q29948836,DAVID BIRKE,DEATH RAILWAY (CAPTIONED),SLENDER MAN,35
12581,DAVID BILCOCK,Q29948836,DAVID BIRKE,AROUND A GUM TREE,SLENDER MAN,36
12581,DAVID BILCOCK,Q29948836,DAVID BIRKE,BREAKTHROUGH,GACY,12
12581,DAVID BILCOCK,Q29948836,DAVID BIRKE,ALPINE HARVEST,SLENDER MAN,40
12581,DAVID BILCOCK,Q29948836,DAVID BIRKE,THE BANANA STORY,SLENDER MAN,37
12581,DAVID BILCOCK,Q29948836,DAVID BIRKE,SHRINE,13 SINS,46
12581,DAVID BILCOCK,Q3703146,DAVID COCO,MANUFACTURE: CARE AND USE OF WOOD CHISELS,THE MAN OF GLASS,43
12581,DAVID BILCOCK,Q3703146,DAVID COCO,DEATH RAILWAY,DIRTY WAR,45
12581,DAVID BILCOCK,Q3703146,DAVID COCO,BABY AND THE BOTTLE,THREE DAYS OF ANARCHY,50
12581,DAVID BILCOCK,Q3703146,DAVID COCO,JOURNEY OF A LIFETIME,IL TALENTO DEL CALABRONE,44
12581,DAVID BILCOCK,Q3703146,DAVID COCO,DEATH RAILWAY (CAPTIONED),IL TALENTO DEL CALABRONE,51
12581,DAVID BILCOCK,Q3703146,DAVID COCO,AROUND A GUM TREE,IL TALENTO DEL CALABRONE,49
12581,DAVID BILCOCK,Q3703146,DAVID COCO,BREAKTHROUGH,SEGRETI DI STATO,36
12581,DAVID BILCOCK,Q3703146,DAVID COCO,ALPINE HARVEST,SECRET FILE,48
12581,DAVID BILCOCK,Q3703146,DAVID COCO,THE BANANA STORY,THREE DAYS OF ANARCHY,54
12581,DAVID BILCOCK,Q3703146,DAVID COCO,SHRINE,SECRET FILE,35
12581,DAVID BILCOCK,Q1173765,DAVID BLANCO,MANUFACTURE: CARE AND USE OF WOOD CHISELS,CLEOPATRA,8
12581,DAVID BILCOCK,Q1173765,DAVID BLANCO,DEATH RAILWAY,CLEOPATRA,45
12581,DAVID BILCOCK,Q1173765,DAVID BLANCO,BABY AND THE BOTTLE,CLEOPATRA,21
12581,DAVID BILCOCK,Q1173765,DAVID BLANCO,JOURNEY OF A LIFETIME,CLEOPATRA,13
12581,DAVID BILCOCK,Q1173765,DAVID BLANCO,DEATH RAILWAY (CAPTIONED),CLEOPATRA,38
12581,DAVID BILCOCK,Q1173765,DAVID BLANCO,AROUND A GUM TREE,CLEOPATRA,23
12581,DAVID BILCOCK,Q1173765,DAVID BLANCO,BREAKTHROUGH,CLEOPATRA,19
12581,DAVID BILCOCK,Q1173765,DAVID BLANCO,ALPINE HARVEST,CLEOPATRA,17
12581,DAVID BILCOCK,Q1173765,DAVID BLANCO,THE BANANA STORY,CLEOPATRA,16
12581,DAVID BILCOCK,Q1173765,DAVID BLANCO,SHRINE,CLEOPATRA,13
12581,DAVID BILCOCK,Q27909644,DAVID BLACKBURN,MANUFACTURE: CARE AND USE OF WOOD CHISELS,DETENTION,12
12581,DAVID BILCOCK,Q27909644,DAVID BLACKBURN,DEATH RAILWAY,ATL,38
12581,DAVID BILCOCK,Q27909644,DAVID BLACKBURN,BABY AND THE BOTTLE,ATL,27
12581,DAVID BILCOCK,Q27909644,DAVID BLACKBURN,JOURNEY OF A LIFETIME,DETENTION,27
12581,DAVID BILCOCK,Q27909644,DAVID BLACKBURN,DEATH RAILWAY (CAPTIONED),DETENTION,25
12581,DAVID BILCOCK,Q27909644,DAVID BLACKBURN,AROUND A GUM TREE,TORQUE,26
12581,DAVID BILCOCK,Q27909644,DAVID BLACKBURN,BREAKTHROUGH,BEATS,47
12581,DAVID BILCOCK,Q27909644,DAVID BLACKBURN,ALPINE HARVEST,ATL,24
12581,DAVID BILCOCK,Q27909644,DAVID BLACKBURN,THE BANANA STORY,TORQUE,36
12581,DAVID BILCOCK,Q27909644,DAVID BLACKBURN,SHRINE,TORQUE,33
12581,DAVID BILCOCK,Q5231292,DAVID BELTON,MANUFACTURE: CARE AND USE OF WOOD CHISELS,SHOOTING DOGS,23
12581,DAVID BILCOCK,Q5231292,DAVID BELTON,DEATH RAILWAY,SHOOTING DOGS,23
12581,DAVID BILCOCK,Q5231292,DAVID BELTON,BABY AND THE BOTTLE,SHOOTING DOGS,25
12581,DAVID BILCOCK,Q5231292,DAVID BELTON,JOURNEY OF A LIFETIME,SHOOTING DOGS,24
12581,DAVID BILCOCK,Q5231292,DAVID BELTON,DEATH RAILWAY (CAPTIONED),SHOOTING DOGS,17
12581,DAVID BILCOCK,Q5231292,DAVID BELTON,AROUND A GUM TREE,SHOOTING DOGS,27
12581,DAVID BILCOCK,Q5231292,DAVID BELTON,BREAKTHROUGH,SHOOTING DOGS,16
12581,DAVID BILCOCK,Q5231292,DAVID BELTON,ALPINE HARVEST,SHOOTING DOGS,15
12581,DAVID BILCOCK,Q5231292,DAVID BELTON,THE BANANA STORY,SHOOTING DOGS,21
12581,DAVID BILCOCK,Q5231292,DAVID BELTON,SHRINE,SHOOTING DOGS,42
12581,DAVID BILCOCK,Q4355826,DAVID BISHOP,MANUFACTURE: CARE AND USE OF WOOD CHISELS,EVIL BEHIND YOU,22
12581,DAVID BILCOCK,Q4355826,DAVID BISHOP,DEATH RAILWAY,EVIL BEHIND YOU,36
12581,DAVID BILCOCK,Q4355826,DAVID BISHOP,BABY AND THE BOTTLE,EVIL BEHIND YOU,29
12581,DAVID BILCOCK,Q4355826,DAVID BISHOP,JOURNEY OF A LIFETIME,EVIL BEHIND YOU,17
12581,DAVID BILCOCK,Q4355826,DAVID BISHOP,DEATH RAILWAY (CAPTIONED),EVIL BEHIND YOU,42
12581,DAVID BILCOCK,Q4355826,DAVID BISHOP,AROUND A GUM TREE,EVIL BEHIND YOU,25
12581,DAVID BILCOCK,Q4355826,DAVID BISHOP,BREAKTHROUGH,EVIL BEHIND YOU,37
12581,DAVID BILCOCK,Q4355826,DAVID BISHOP,ALPINE HARVEST,EVIL BEHIND YOU,28
12581,DAVID BILCOCK,Q4355826,DAVID BISHOP,THE BANANA STORY,EVIL BEHIND YOU,26
12581,DAVID BILCOCK,Q4355826,DAVID BISHOP,SHRINE,EVIL BEHIND YOU,38
12581,DAVID BILCOCK,Q298310,DAVID BISBAL,MANUFACTURE: CARE AND USE OF WOOD CHISELS,TORRENTE 4: LETHAL CRISIS,19
12581,DAVID BILCOCK,Q298310,DAVID BISBAL,DEATH RAILWAY,TORRENTE 4: LETHAL CRISIS,27
12581,DAVID BILCOCK,Q298310,DAVID BISBAL,BABY AND THE BOTTLE,TORRENTE 4: LETHAL CRISIS,33
12581,DAVID BILCOCK,Q298310,DAVID BISBAL,JOURNEY OF A LIFETIME,TORRENTE 4: LETHAL CRISIS,31
12581,DAVID BILCOCK,Q298310,DAVID BISBAL,DEATH RAILWAY (CAPTIONED),TORRENTE 4: LETHAL CRISIS,30
12581,DAVID BILCOCK,Q298310,DAVID BISBAL,AROUND A GUM TREE,TORRENTE 4: LETHAL CRISIS,29
12581,DAVID BILCOCK,Q298310,DAVID BISBAL,BREAKTHROUGH,TORRENTE 4: LETHAL CRISIS,17
12581,DAVID BILCOCK,Q298310,DAVID BISBAL,ALPINE HARVEST,TORRENTE 4: LETHAL CRISIS,21
12581,DAVID BILCOCK,Q298310,DAVID BISBAL,THE BANANA STORY,TORRENTE 4: LETHAL CRISIS,35
12581,DAVID BILCOCK,Q298310,DAVID BISBAL,SHRINE,TORRENTE 4: LETHAL CRISIS,27
12581,DAVID BILCOCK,Q5231759,DAVID BROCK,MANUFACTURE: CARE AND USE OF WOOD CHISELS,HEIST: WHO STOLE THE AMERICAN DREAM?,43
12581,DAVID BILCOCK,Q5231759,DAVID BROCK,DEATH RAILWAY,HEIST: WHO STOLE THE AMERICAN DREAM?,30
12581,DAVID BILCOCK,Q5231759,DAVID BROCK,BABY AND THE BOTTLE,HEIST: WHO STOLE THE AMERICAN DREAM?,45
12581,DAVID BILCOCK,Q5231759,DAVID BROCK,JOURNEY OF A LIFETIME,HEIST: WHO STOLE THE AMERICAN DREAM?,18
12581,DAVID BILCOCK,Q5231759,DAVID BROCK,DEATH RAILWAY (CAPTIONED),HEIST: WHO STOLE THE AMERICAN DREAM?,39
12581,DAVID BILCOCK,Q5231759,DAVID BROCK,AROUND A GUM TREE,HEIST: WHO STOLE THE AMERICAN DREAM?,31
12581,DAVID BILCOCK,Q5231759,DAVID BROCK,BREAKTHROUGH,HEIST: WHO STOLE THE AMERICAN DREAM?,26
12581,DAVID BILCOCK,Q5231759,DAVID BROCK,ALPINE HARVEST,HEIST: WHO STOLE THE AMERICAN DREAM?,25
12581,DAVID BILCOCK,Q5231759,DAVID BROCK,THE BANANA STORY,HEIST: WHO STOLE THE AMERICAN DREAM?,44
12581,DAVID BILCOCK,Q5231759,DAVID BROCK,SHRINE,HEIST: WHO STOLE THE AMERICAN DREAM?,20
12581,DAVID BILCOCK,Q27909737,DAVID BROOKS,MANUFACTURE: CARE AND USE OF WOOD CHISELS,ATM,9
12581,DAVID BILCOCK,Q27909737,DAVID BROOKS,DEATH RAILWAY,ATM,25
12581,DAVID BILCOCK,Q27909737,DAVID BROOKS,BABY AND THE BOTTLE,ATM,18
12581,DAVID BILCOCK,Q27909737,DAVID BROOKS,JOURNEY OF A LIFETIME,ATM,25
12581,DAVID BILCOCK,Q27909737,DAVID BROOKS,DEATH RAILWAY (CAPTIONED),ATM,15
12581,DAVID BILCOCK,Q27909737,DAVID BROOKS,AROUND A GUM TREE,ATM,20
12581,DAVID BILCOCK,Q27909737,DAVID BROOKS,BREAKTHROUGH,ATM,27
12581,DAVID BILCOCK,Q27909737,DAVID BROOKS,ALPINE HARVEST,ATM,24
12581,DAVID BILCOCK,Q27909737,DAVID BROOKS,THE BANANA STORY,ATM,21
12581,DAVID BILCOCK,Q27909737,DAVID BROOKS,SHRINE,ATM,0
12581,DAVID BILCOCK,Q28790223,DAVID BLOCK,MANUFACTURE: CARE AND USE OF WOOD CHISELS,SCOOBY-DOO! MUSIC OF THE VAMPIRE,34
12581,DAVID BILCOCK,Q28790223,DAVID BLOCK,DEATH RAILWAY,SCOOBY-DOO! MUSIC OF THE VAMPIRE,23
12581,DAVID BILCOCK,Q28790223,DAVID BLOCK,BABY AND THE BOTTLE,SCOOBY-DOO! MUSIC OF THE VAMPIRE,32
12581,DAVID BILCOCK,Q28790223,DAVID BLOCK,JOURNEY OF A LIFETIME,SCOOBY-DOO! MUSIC OF THE VAMPIRE,23
12581,DAVID BILCOCK,Q28790223,DAVID BLOCK,DEATH RAILWAY (CAPTIONED),SCOOBY-DOO! MUSIC OF THE VAMPIRE,26
12581,DAVID BILCOCK,Q28790223,DAVID BLOCK,AROUND A GUM TREE,SCOOBY-DOO! MUSIC OF THE VAMPIRE,29
12581,DAVID BILCOCK,Q28790223,DAVID BLOCK,BREAKTHROUGH,SCOOBY-DOO! MUSIC OF THE VAMPIRE,14
12581,DAVID BILCOCK,Q28790223,DAVID BLOCK,ALPINE HARVEST,SCOOBY-DOO! MUSIC OF THE VAMPIRE,18
12581,DAVID BILCOCK,Q28790223,DAVID BLOCK,THE BANANA STORY,SCOOBY-DOO! MUSIC OF THE VAMPIRE,34
12581,DAVID BILCOCK,Q28790223,DAVID BLOCK,SHRINE,SCOOBY-DOO! MUSIC OF THE VAMPIRE,22
12581,DAVID BILCOCK,Q3017438,DAVID BAIOT,MANUFACTURE: CARE AND USE OF WOOD CHISELS,LES CREVETTES PAILLETEES,31
12581,DAVID BILCOCK,Q3017438,DAVID BAIOT,DEATH RAILWAY,NICE AND EASY,38
12581,DAVID BILCOCK,Q3017438,DAVID BAIOT,BABY AND THE BOTTLE,NICE AND EASY,50
12581,DAVID BILCOCK,Q3017438,DAVID BAIOT,JOURNEY OF A LIFETIME,NICE AND EASY,41
12581,DAVID BILCOCK,Q3017438,DAVID BAIOT,DEATH RAILWAY (CAPTIONED),NICE AND EASY,44
12581,DAVID BILCOCK,Q3017438,DAVID BAIOT,AROUND A GUM TREE,NICE AND EASY,40
12581,DAVID BILCOCK,Q3017438,DAVID BAIOT,BREAKTHROUGH,LES CREVETTES PAILLETEES,22
12581,DAVID BILCOCK,Q3017438,DAVID BAIOT,ALPINE HARVEST,LES CREVETTES PAILLETEES,26
12581,DAVID BILCOCK,Q3017438,DAVID BAIOT,THE BANANA STORY,NICE AND EASY,48
12581,DAVID BILCOCK,Q3017438,DAVID BAIOT,SHRINE,NICE AND EASY,32
12581,DAVID BILCOCK,Q64489498,DAVID BIRKBECK,MANUFACTURE: CARE AND USE OF WOOD CHISELS,TOLKIEN,4
12581,DAVID BILCOCK,Q64489498,DAVID BIRKBECK,DEATH RAILWAY,TOLKIEN,10
12581,DAVID BILCOCK,Q64489498,DAVID BIRKBECK,BABY AND THE BOTTLE,TOLKIEN,8
12581,DAVID BILCOCK,Q64489498,DAVID BIRKBECK,JOURNEY OF A LIFETIME,TOLKIEN,14
12581,DAVID BILCOCK,Q64489498,DAVID BIRKBECK,DEATH RAILWAY (CAPTIONED),TOLKIEN,20
12581,DAVID BILCOCK,Q64489498,DAVID BIRKBECK,AROUND A GUM TREE,TOLKIEN,17
12581,DAVID BILCOCK,Q64489498,DAVID BIRKBECK,BREAKTHROUGH,TOLKIEN,11
12581,DAVID BILCOCK,Q64489498,DAVID BIRKBECK,ALPINE HARVEST,TOLKIEN,29
12581,DAVID BILCOCK,Q64489498,DAVID BIRKBECK,THE BANANA STORY,TOLKIEN,26
12581,DAVID BILCOCK,Q64489498,DAVID BIRKBECK,SHRINE,TOLKIEN,31
