acmi_id,acmi_name,wikidata_id,wikidata_name,acmi_title,wikidata_title,match
13103,ENOCH VANDER PULE,Q3174968,JEAN VANDER PYL,BEYOND THE VOLTA,THE FUNTASTIC WORLD OF HANNA-BARBERA,38
