acmi_id,acmi_name,wikidata_id,wikidata_name,acmi_title,wikidata_title,match
15698,MICHAEL LAW,Q220584,MICHAEL MADSEN,PLAYING WITH FIRE,RACING WITH THE MOON,54
15698,MICHAEL LAW,Q220584,MICHAEL MADSEN,TYPING TECHNIQUE,SIN CITY,50
15698,MICHAEL LAW,Q220584,MICHAEL MADSEN,HOW TO USE THE TELEPHONE,THE KILLING TIME,45
15698,MICHAEL LAW,Q12036761,MICHAL MALATNY,PLAYING WITH FIRE,MNAGA - HAPPY END,31
15698,MICHAEL LAW,Q12036761,MICHAL MALATNY,TYPING TECHNIQUE,MNAGA - HAPPY END,26
15698,MICHAEL LAW,Q12036761,MICHAL MALATNY,HOW TO USE THE TELEPHONE,NEVINNE LZI,23
15698,MICHAEL LAW,Q519321,MICHAEL CRAIG,PLAYING WITH FIRE,THE FOURTH WISH,44
15698,MICHAEL LAW,Q519321,MICHAEL CRAIG,TYPING TECHNIQUE,YIELD TO THE NIGHT,41
15698,MICHAEL LAW,Q519321,MICHAEL CRAIG,HOW TO USE THE TELEPHONE,YIELD TO THE NIGHT,52
15698,MICHAEL LAW,Q1384181,MICHAEL MCKEAN,PLAYING WITH FIRE,PLAYING GOD,57
15698,MICHAEL LAW,Q1384181,MICHAEL MCKEAN,TYPING TECHNIQUE,EDIE & PEN,50
15698,MICHAEL LAW,Q1384181,MICHAEL MCKEAN,HOW TO USE THE TELEPHONE,NOTHING TO LOSE,41
15698,MICHAEL LAW,Q1928381,MICHAEL LANGE,PLAYING WITH FIRE,THE INTERN,37
15698,MICHAEL LAW,Q1928381,MICHAEL LANGE,TYPING TECHNIQUE,THE INTERN,38
15698,MICHAEL LAW,Q1928381,MICHAEL LANGE,HOW TO USE THE TELEPHONE,THE INTERN,41
15698,MICHAEL LAW,Q2388845,MICHAEL CARSON,PLAYING WITH FIRE,THE BITE,40
15698,MICHAEL LAW,Q2388845,MICHAEL CARSON,TYPING TECHNIQUE,INTIMATE STRANGERS,35
15698,MICHAEL LAW,Q2388845,MICHAEL CARSON,HOW TO USE THE TELEPHONE,THE BITE,38
15698,MICHAEL LAW,Q15451364,MICHAEL GOI,PLAYING WITH FIRE,EXPECTING MARY,39
15698,MICHAEL LAW,Q15451364,MICHAEL GOI,TYPING TECHNIQUE,EXPECTING MARY,40
15698,MICHAEL LAW,Q15451364,MICHAEL GOI,HOW TO USE THE TELEPHONE,THE TOWN THAT DREADED SUNDOWN,45
15698,MICHAEL LAW,Q6835548,MICHAEL DE AVILA,PLAYING WITH FIRE,BURNZY'S LAST CALL,29
15698,MICHAEL LAW,Q6835548,MICHAEL DE AVILA,TYPING TECHNIQUE,LOST PROPHET,21
15698,MICHAEL LAW,Q6835548,MICHAEL DE AVILA,HOW TO USE THE TELEPHONE,LOST PROPHET,33
15698,MICHAEL LAW,Q920273,MICHAEL DE LUCA,PLAYING WITH FIRE,FRIGHT NIGHT,41
15698,MICHAEL LAW,Q920273,MICHAEL DE LUCA,TYPING TECHNIQUE,THE KITCHEN,44
15698,MICHAEL LAW,Q920273,MICHAEL DE LUCA,HOW TO USE THE TELEPHONE,UNDER THE SILVER LAKE,40
15698,MICHAEL LAW,Q386249,MICHAEL GASTON,PLAYING WITH FIRE,HIGH CRIMES,43
15698,MICHAEL LAW,Q386249,MICHAEL GASTON,TYPING TECHNIQUE,THE WEDDING BANQUET,51
15698,MICHAEL LAW,Q386249,MICHAEL GASTON,HOW TO USE THE TELEPHONE,BLESS THE CHILD,36
15698,MICHAEL LAW,Q123351,MICHAEL CAINE,PLAYING WITH FIRE,PLAY DIRTY,52
15698,MICHAEL LAW,Q123351,MICHAEL CAINE,TYPING TECHNIQUE,TENET,48
15698,MICHAEL LAW,Q123351,MICHAEL CAINE,HOW TO USE THE TELEPHONE,TOO LATE THE HERO,59
15698,MICHAEL LAW,Q3308348,MICHAEL MAILER,PLAYING WITH FIRE,BLACK AND WHITE,44
15698,MICHAEL LAW,Q3308348,MICHAEL MAILER,TYPING TECHNIQUE,THE WALK,33
15698,MICHAEL LAW,Q3308348,MICHAEL MAILER,HOW TO USE THE TELEPHONE,HEART OF CHAMPIONS,43
15698,MICHAEL LAW,Q541368,MICHAEL ALMEREYDA,PLAYING WITH FIRE,ANOTHER GIRL ANOTHER PLANET,36
15698,MICHAEL LAW,Q541368,MICHAEL ALMEREYDA,TYPING TECHNIQUE,THE ETERNAL,37
15698,MICHAEL LAW,Q541368,MICHAEL ALMEREYDA,HOW TO USE THE TELEPHONE,UNTIL THE END OF THE WORLD,48
15698,MICHAEL LAW,Q89032,MICHAEL MENDL,PLAYING WITH FIRE,KLEINE HAIE,43
15698,MICHAEL LAW,Q89032,MICHAEL MENDL,TYPING TECHNIQUE,KLEINE HAIE,44
15698,MICHAEL LAW,Q89032,MICHAEL MENDL,HOW TO USE THE TELEPHONE,BROTHER OF SLEEP,45
15698,MICHAEL LAW,Q3308158,MICHAEL DORMAN,PLAYING WITH FIRE,50 WAYS OF SAYING FABULOUS,42
15698,MICHAEL LAW,Q3308158,MICHAEL DORMAN,TYPING TECHNIQUE,SLEEPING BEAUTY,52
15698,MICHAEL LAW,Q3308158,MICHAEL DORMAN,HOW TO USE THE TELEPHONE,THE WATER DIVINER,44
15698,MICHAEL LAW,Q66480642,MICHAL BALCAR,PLAYING WITH FIRE,JAN PALACH,37
15698,MICHAEL LAW,Q66480642,MICHAL BALCAR,TYPING TECHNIQUE,THE WATCHMAKER'S APPRENTICE,23
15698,MICHAEL LAW,Q66480642,MICHAL BALCAR,HOW TO USE THE TELEPHONE,HODINARUV UCEN,32
15698,MICHAEL LAW,Q6829522,MICHAEL CRAM,PLAYING WITH FIRE,MISANTHROPE,36
15698,MICHAEL LAW,Q6829522,MICHAEL CRAM,TYPING TECHNIQUE,THE SPACE BETWEEN,36
15698,MICHAEL LAW,Q6829522,MICHAEL CRAM,HOW TO USE THE TELEPHONE,THE SPACE BETWEEN,39
15698,MICHAEL LAW,Q12036616,MICHAEL BERAN,PLAYING WITH FIRE,BEFORE THE FALL,50
15698,MICHAEL LAW,Q12036616,MICHAEL BERAN,TYPING TECHNIQUE,DEFINICE LASKY,40
15698,MICHAEL LAW,Q12036616,MICHAEL BERAN,HOW TO USE THE TELEPHONE,LITTLE KNIGHTS TALE,37
15698,MICHAEL LAW,Q95350497,MICHAEL BLUME,PLAYING WITH FIRE,THE EAST MAN 1985,41
15698,MICHAEL LAW,Q95350497,MICHAEL BLUME,TYPING TECHNIQUE,THE EAST MAN 1985,24
15698,MICHAEL LAW,Q95350497,MICHAEL BLUME,HOW TO USE THE TELEPHONE,THE EAST MAN 1985,34
15698,MICHAEL LAW,Q786003,MICHAEL EALY,PLAYING WITH FIRE,THINK LIKE A MAN TOO,43
15698,MICHAEL LAW,Q786003,MICHAEL EALY,TYPING TECHNIQUE,THINK LIKE A MAN,38
15698,MICHAEL LAW,Q786003,MICHAEL EALY,HOW TO USE THE TELEPHONE,THE PEOPLE SPEAK,45
15698,MICHAEL LAW,Q28152753,MICHAEL GRACEY,PLAYING WITH FIRE,THE GREATEST SHOWMAN,43
15698,MICHAEL LAW,Q28152753,MICHAEL GRACEY,TYPING TECHNIQUE,THE GREATEST SHOWMAN,33
15698,MICHAEL LAW,Q28152753,MICHAEL GRACEY,HOW TO USE THE TELEPHONE,THE GREATEST SHOWMAN,36
15698,MICHAEL LAW,Q15834538,MAX MICHEL,PLAYING WITH FIRE,IN HAMBURG SIND DIE NACHTE LANG,38
15698,MICHAEL LAW,Q15834538,MAX MICHEL,TYPING TECHNIQUE,THE VILLAGE UNDER THE SKY,34
15698,MICHAEL LAW,Q15834538,MAX MICHEL,HOW TO USE THE TELEPHONE,THE VILLAGE UNDER THE SKY,45
15698,MICHAEL LAW,Q896694,MICHAEL JARY,PLAYING WITH FIRE,THE ALLURE OF DANGER,49
15698,MICHAEL LAW,Q896694,MICHAEL JARY,TYPING TECHNIQUE,TANZENDE STERNE,45
15698,MICHAEL LAW,Q896694,MICHAEL JARY,HOW TO USE THE TELEPHONE,THE TELEPHONE OPERATOR,65
15698,MICHAEL LAW,Q22086122,MICHAEL HAMMON,PLAYING WITH FIRE,THE PEANUT MAN,45
15698,MICHAEL LAW,Q22086122,MICHAEL HAMMON,TYPING TECHNIQUE,DIE POLIZISTIN,40
15698,MICHAEL LAW,Q22086122,MICHAEL HAMMON,HOW TO USE THE TELEPHONE,WHERE THE GRASS IS GREENER,44
15698,MICHAEL LAW,Q3317080,MITCHELL LEWIS,PLAYING WITH FIRE,DANCING PIRATE,45
15698,MICHAEL LAW,Q3317080,MITCHELL LEWIS,TYPING TECHNIQUE,CONQUEST,50
15698,MICHAEL LAW,Q3317080,MITCHELL LEWIS,HOW TO USE THE TELEPHONE,THE EAGLE OF THE SEA,55
15698,MICHAEL LAW,Q1362106,MICHAEL BALCON,PLAYING WITH FIRE,SHIPS WITH WINGS,61
15698,MICHAEL LAW,Q1362106,MICHAEL BALCON,TYPING TECHNIQUE,BITTER SPRINGS,47
15698,MICHAEL LAW,Q1362106,MICHAEL BALCON,HOW TO USE THE TELEPHONE,THE RETURN OF THE RAT,53
15698,MICHAEL LAW,Q16393613,MICHAEL MANVELYAN,PLAYING WITH FIRE,NAZAR THE BRAVE,44
15698,MICHAEL LAW,Q16393613,MICHAEL MANVELYAN,TYPING TECHNIQUE,NAZAR THE BRAVE,19
15698,MICHAEL LAW,Q16393613,MICHAEL MANVELYAN,HOW TO USE THE TELEPHONE,NAZAR THE BRAVE,31
15698,MICHAEL LAW,Q115683,MICHAEL ARLEN,PLAYING WITH FIRE,THE DANCER OF PARIS,44
15698,MICHAEL LAW,Q115683,MICHAEL ARLEN,TYPING TECHNIQUE,LILY CHRISTINE,40
15698,MICHAEL LAW,Q115683,MICHAEL ARLEN,HOW TO USE THE TELEPHONE,THE FALCON'S ADVENTURE,35
15698,MICHAEL LAW,Q6832529,MICHAEL MARK,PLAYING WITH FIRE,THE GLASS KEY,40
15698,MICHAEL LAW,Q6832529,MICHAEL MARK,TYPING TECHNIQUE,THE EXILE,40
15698,MICHAEL LAW,Q6832529,MICHAEL MARK,HOW TO USE THE TELEPHONE,THE KING STEPS OUT,43
15698,MICHAEL LAW,Q6831189,MICHAEL HOGAN,PLAYING WITH FIRE,TROUBLE BREWING,44
15698,MICHAEL LAW,Q6831189,MICHAEL HOGAN,TYPING TECHNIQUE,THE PRIME MINISTER,35
15698,MICHAEL LAW,Q6831189,MICHAEL HOGAN,HOW TO USE THE TELEPHONE,NURSE EDITH CAVELL,43
15698,MICHAEL LAW,Q719134,MICHAEL HOGAN,PLAYING WITH FIRE,LADY FROM LOUISIANA,44
15698,MICHAEL LAW,Q719134,MICHAEL HOGAN,TYPING TECHNIQUE,RED RIDING HOOD,32
15698,MICHAEL LAW,Q719134,MICHAEL HOGAN,HOW TO USE THE TELEPHONE,THE DAY THE EARTH STOOD STILL,38
15698,MICHAEL LAW,Q3311550,MICHELE ALFA,PLAYING WITH FIRE,THE PAVILION BURNS,51
15698,MICHAEL LAW,Q3311550,MICHELE ALFA,TYPING TECHNIQUE,THE WINNER'S CIRCLE,40
15698,MICHAEL LAW,Q3311550,MICHELE ALFA,HOW TO USE THE TELEPHONE,THE ANGEL OF THE NIGHT,48
15698,MICHAEL LAW,Q19991630,MAX MICHEL,PLAYING WITH FIRE,THE UNSUSPECTING ANGEL,31
15698,MICHAEL LAW,Q19991630,MAX MICHEL,TYPING TECHNIQUE,DER AHNUNGSLOSE ENGEL,38
15698,MICHAEL LAW,Q19991630,MAX MICHEL,HOW TO USE THE TELEPHONE,THE UNSUSPECTING ANGEL,43
15698,MICHAEL LAW,Q357386,MICHAEL KANIN,PLAYING WITH FIRE,THEY MADE HER A SPY,44
15698,MICHAEL LAW,Q357386,MICHAEL KANIN,TYPING TECHNIQUE,CENTENNIAL SUMMER,36
15698,MICHAEL LAW,Q357386,MICHAEL KANIN,HOW TO USE THE TELEPHONE,WOMAN OF THE YEAR,44
15698,MICHAEL LAW,Q3308040,MICHAEL BLANKFORT,PLAYING WITH FIRE,THE PLAINSMAN,53
15698,MICHAEL LAW,Q3308040,MICHAEL BLANKFORT,TYPING TECHNIQUE,THE VINTAGE,52
15698,MICHAEL LAW,Q3308040,MICHAEL BLANKFORT,HOW TO USE THE TELEPHONE,TRIBUTE TO A BAD MAN,36
15698,MICHAEL LAW,Q1276579,MICHAEL ANSARA,PLAYING WITH FIRE,SIGN OF THE PAGAN,53
15698,MICHAEL LAW,Q1276579,MICHAEL ANSARA,TYPING TECHNIQUE,PRINCESS OF THE NILE,39
15698,MICHAEL LAW,Q1276579,MICHAEL ANSARA,HOW TO USE THE TELEPHONE,VOYAGE TO THE BOTTOM OF THE SEA,51
15698,MICHAEL LAW,Q566803,MICHEL AUCLAIR,PLAYING WITH FIRE,THE FOX OF PARIS,48
15698,MICHAEL LAW,Q566803,MICHEL AUCLAIR,TYPING TECHNIQUE,ONE STEP TO ETERNITY,44
15698,MICHAEL LAW,Q566803,MICHEL AUCLAIR,HOW TO USE THE TELEPHONE,ONE STEP TO ETERNITY,50
15698,MICHAEL LAW,Q6547650,LILIA MICHEL,PLAYING WITH FIRE,CREPUSCULO,30
15698,MICHAEL LAW,Q6547650,LILIA MICHEL,TYPING TECHNIQUE,THE HOUR OF TRUTH,30
15698,MICHAEL LAW,Q6547650,LILIA MICHEL,HOW TO USE THE TELEPHONE,THE HOUR OF TRUTH,54
15698,MICHAEL LAW,Q3662079,MICHAEL HOWARD,PLAYING WITH FIRE,I SEE A DARK STRANGER,32
15698,MICHAEL LAW,Q3662079,MICHAEL HOWARD,TYPING TECHNIQUE,THE BABY AND THE BATTLESHIP,33
15698,MICHAEL LAW,Q3662079,MICHAEL HOWARD,HOW TO USE THE TELEPHONE,THE BABY AND THE BATTLESHIP,47
15698,MICHAEL LAW,Q1527999,MICHAEL MEDWIN,PLAYING WITH FIRE,SPRING AND PORT WINE,43
15698,MICHAEL LAW,Q1527999,MICHAEL MEDWIN,TYPING TECHNIQUE,CHILDREN OF CHANCE,41
15698,MICHAEL LAW,Q1527999,MICHAEL MEDWIN,HOW TO USE THE TELEPHONE,SOMEONE AT THE DOOR,47
15698,MICHAEL LAW,Q6829958,MICHAEL DUANE,PLAYING WITH FIRE,THE SECRET OF THE WHISTLER,37
15698,MICHAEL LAW,Q6829958,MICHAEL DUANE,TYPING TECHNIQUE,THE SECRET OF THE WHISTLER,33
15698,MICHAEL LAW,Q6829958,MICHAEL DUANE,HOW TO USE THE TELEPHONE,THE SECRET OF THE WHISTLER,48
15698,MICHAEL LAW,Q6828471,MICHAEL BARRY,PLAYING WITH FIRE,STOP PRESS GIRL,38
15698,MICHAEL LAW,Q6828471,MICHAEL BARRY,TYPING TECHNIQUE,TOAD OF TOAD HALL,18
15698,MICHAEL LAW,Q6828471,MICHAEL BARRY,HOW TO USE THE TELEPHONE,TOAD OF TOAD HALL,29
15698,MICHAEL LAW,Q551824,MICHAEL HARVEY,PLAYING WITH FIRE,RETURN OF THE BAD MEN,32
15698,MICHAEL LAW,Q551824,MICHAEL HARVEY,TYPING TECHNIQUE,TYCOON,27
15698,MICHAEL LAW,Q551824,MICHAEL HARVEY,HOW TO USE THE TELEPHONE,RETURN OF THE BAD MEN,36
15698,MICHAEL LAW,Q1620077,MICHAEL LUCIANO,PLAYING WITH FIRE,THE KILLING OF SISTER GEORGE,49
15698,MICHAEL LAW,Q1620077,MICHAEL LUCIANO,TYPING TECHNIQUE,EMPIRE OF THE ANTS,35
15698,MICHAEL LAW,Q1620077,MICHAEL LUCIANO,HOW TO USE THE TELEPHONE,TOO LATE THE HERO,59
15698,MICHAEL LAW,Q41675114,MICHAEL DUGAN,PLAYING WITH FIRE,MANNA FROM HEAVEN,35
15698,MICHAEL LAW,Q41675114,MICHAEL DUGAN,TYPING TECHNIQUE,THE DESTRUCTORS,26
15698,MICHAEL LAW,Q41675114,MICHAEL DUGAN,HOW TO USE THE TELEPHONE,SHE WORE A YELLOW RIBBON,42
15698,MICHAEL LAW,Q1931286,MICHL LANG,PLAYING WITH FIRE,WIDOWER WITH FIVE DAUGHTERS,45
15698,MICHAEL LAW,Q1931286,MICHL LANG,TYPING TECHNIQUE,DIE LANDARZTIN,40
15698,MICHAEL LAW,Q1931286,MICHL LANG,HOW TO USE THE TELEPHONE,I MUST GO TO THE CITY,44
15698,MICHAEL LAW,Q3309708,MICHEL GARLAND,PLAYING WITH FIRE,THE BRAIN,54
15698,MICHAEL LAW,Q3309708,MICHEL GARLAND,TYPING TECHNIQUE,LE DERNIER SAUT,39
15698,MICHAEL LAW,Q3309708,MICHEL GARLAND,HOW TO USE THE TELEPHONE,THE STRANGE MADAME X,41
15698,MICHAEL LAW,Q16104406,MICHAEL CHAPIN,PLAYING WITH FIRE,ARIZONA MANHUNT,31
15698,MICHAEL LAW,Q16104406,MICHAEL CHAPIN,TYPING TECHNIQUE,THE DAKOTA KID,27
15698,MICHAEL LAW,Q16104406,MICHAEL CHAPIN,HOW TO USE THE TELEPHONE,THE DAKOTA KID,32
15698,MICHAEL LAW,Q874181,MICHAEL KEHLMANN,PLAYING WITH FIRE,ABENTEUER IN WIEN,41
15698,MICHAEL LAW,Q874181,MICHAEL KEHLMANN,TYPING TECHNIQUE,ABENTEUER IN WIEN,42
15698,MICHAEL LAW,Q874181,MICHAEL KEHLMANN,HOW TO USE THE TELEPHONE,PORTRAIT EINES HELDEN,36
15698,MICHAEL LAW,Q347635,MICHEL GALABRU,PLAYING WITH FIRE,THE SLEEPING SENTINEL,53
15698,MICHAEL LAW,Q347635,MICHEL GALABRU,TYPING TECHNIQUE,ANGELIQUE ET LE ROY,46
15698,MICHAEL LAW,Q347635,MICHEL GALABRU,HOW TO USE THE TELEPHONE,LE TELEPHONE SONNE TOUJOURS DEUX FOIS!!,52
15698,MICHAEL LAW,Q1928416,MICHAEL LENZ,PLAYING WITH FIRE,AM GALGEN HANGT DIE LIEBE,43
15698,MICHAEL LAW,Q1928416,MICHAEL LENZ,TYPING TECHNIQUE,NO GREATER LOVE,32
15698,MICHAEL LAW,Q1928416,MICHAEL LENZ,HOW TO USE THE TELEPHONE,NO GREATER LOVE,36
15698,MICHAEL LAW,Q5725194,MICHAEL FANT,PLAYING WITH FIRE,UNDER SVALLANDE SEGEL,16
15698,MICHAEL LAW,Q5725194,MICHAEL FANT,TYPING TECHNIQUE,UNDER SVALLANDE SEGEL,27
15698,MICHAEL LAW,Q5725194,MICHAEL FANT,HOW TO USE THE TELEPHONE,UNDER SVALLANDE SEGEL,27
15698,MICHAEL LAW,Q2555623,MICHAEL FOX,PLAYING WITH FIRE,THE LOST PLANET,50
15698,MICHAEL LAW,Q2555623,MICHAEL FOX,TYPING TECHNIQUE,CONQUEST OF SPACE,42
15698,MICHAEL LAW,Q2555623,MICHAEL FOX,HOW TO USE THE TELEPHONE,WAR OF THE SATELLITES,49
15698,MICHAEL LAW,Q6828107,MICHAEL ABEL,PLAYING WITH FIRE,A BLUEPRINT FOR MURDER,21
15698,MICHAEL LAW,Q6828107,MICHAEL ABEL,TYPING TECHNIQUE,A BLUEPRINT FOR MURDER,26
15698,MICHAEL LAW,Q6828107,MICHAEL ABEL,HOW TO USE THE TELEPHONE,A BLUEPRINT FOR MURDER,26
15698,MICHAEL LAW,Q1927184,MICHAEL CRAMER,PLAYING WITH FIRE,THE BELLBOY AND THE PLAYGIRLS,43
15698,MICHAEL LAW,Q1927184,MICHAEL CRAMER,TYPING TECHNIQUE,DIE GROSSE CHANCE,42
15698,MICHAEL LAW,Q1927184,MICHAEL CRAMER,HOW TO USE THE TELEPHONE,THROUGH THE FORESTS AND THROUGH THE TREES,46
15698,MICHAEL LAW,Q100264,MICHAEL HELTAU,PLAYING WITH FIRE,THE LAST MAN,41
15698,MICHAEL LAW,Q100264,MICHAEL HELTAU,TYPING TECHNIQUE,THE LAST MAN,29
15698,MICHAEL LAW,Q100264,MICHAEL HELTAU,HOW TO USE THE TELEPHONE,HUBERTUS CASTLE,41
15698,MICHAEL LAW,Q1369342,MICHAEL BATES,PLAYING WITH FIRE,"DON'T RAISE THE BRIDGE, LOWER THE RIVER",36
15698,MICHAEL LAW,Q1369342,MICHAEL BATES,TYPING TECHNIQUE,BATTLE OF BRITAIN,36
15698,MICHAEL LAW,Q1369342,MICHAEL BATES,HOW TO USE THE TELEPHONE,HERE WE GO ROUND THE MULBERRY BUSH,48
15698,MICHAEL LAW,Q1330746,ELISHEVA MICHAELI,PLAYING WITH FIRE,T`LT BLAVMYLKH,32
15698,MICHAEL LAW,Q1330746,ELISHEVA MICHAELI,TYPING TECHNIQUE,EVERY MILE A STONE,35
15698,MICHAEL LAW,Q1330746,ELISHEVA MICHAELI,HOW TO USE THE TELEPHONE,EVERY MILE A STONE,33
15698,MICHAEL LAW,Q72529,MICHAEL ANDE,PLAYING WITH FIRE,WENN DIE GLOCKEN HELL ERKLINGEN,38
15698,MICHAEL LAW,Q72529,MICHAEL ANDE,TYPING TECHNIQUE,THE TRAPP FAMILY,38
15698,MICHAEL LAW,Q72529,MICHAEL ANDE,HOW TO USE THE TELEPHONE,"ICH WEISS, WOFUR ICH LEBE",42
15698,MICHAEL LAW,Q313281,MICHEL LEGRAND,PLAYING WITH FIRE,HEARTH FIRES,55
15698,MICHAEL LAW,Q313281,MICHEL LEGRAND,TYPING TECHNIQUE,ETERNITY,50
15698,MICHAEL LAW,Q313281,MICHEL LEGRAND,HOW TO USE THE TELEPHONE,BEQUEST TO THE NATION,49
15698,MICHAEL LAW,Q90692,MARION MICHAEL,PLAYING WITH FIRE,JUNGLE GIRL AND THE SLAVER,42
15698,MICHAEL LAW,Q90692,MARION MICHAEL,TYPING TECHNIQUE,"LIANE, JUNGLE GODDESS",33
15698,MICHAEL LAW,Q90692,MARION MICHAEL,HOW TO USE THE TELEPHONE,"LIANE, DAS MADCHEN AUS DEM URWALD",36
15698,MICHAEL LAW,Q1928377,MICHAEL LANE,PLAYING WITH FIRE,THE HARDER THEY FALL,32
15698,MICHAEL LAW,Q1928377,MICHAEL LANE,TYPING TECHNIQUE,THE HARDER THEY FALL,33
15698,MICHAEL LAW,Q1928377,MICHAEL LANE,HOW TO USE THE TELEPHONE,ULYSSES AGAINST THE SON OF HERCULES,47
15698,MICHAEL LAW,Q26215158,MICHEL ISELLA,PLAYING WITH FIRE,SI PARIS NOUS ETAIT CONTE,24
15698,MICHAEL LAW,Q26215158,MICHEL ISELLA,TYPING TECHNIQUE,SI PARIS NOUS ETAIT CONTE,29
15698,MICHAEL LAW,Q26215158,MICHEL ISELLA,HOW TO USE THE TELEPHONE,IF PARIS WERE TOLD TO US,38
15698,MICHAEL LAW,Q346540,MICHAEL LONSDALE,PLAYING WITH FIRE,LA VIEILLE FILLE,48
15698,MICHAEL LAW,Q346540,MICHAEL LONSDALE,TYPING TECHNIQUE,THE TRIAL,48
15698,MICHAEL LAW,Q346540,MICHAEL LONSDALE,HOW TO USE THE TELEPHONE,LE TELEPHONE ROSE,54
15698,MICHAEL LAW,Q346411,MICHAEL LANDON,PLAYING WITH FIRE,IT'S GOOD TO BE ALIVE,37
15698,MICHAEL LAW,Q346411,MICHAEL LANDON,TYPING TECHNIQUE,THESE WILDER YEARS,29
15698,MICHAEL LAW,Q346411,MICHAEL LANDON,HOW TO USE THE TELEPHONE,THE LEGEND OF TOM DOOLEY,46
15698,MICHAEL LAW,Q656655,MICHAEL DEELEY,PLAYING WITH FIRE,THE LONG DAY'S DYING,43
15698,MICHAEL LAW,Q656655,MICHAEL DEELEY,TYPING TECHNIQUE,CONDUCT UNBECOMING,35
15698,MICHAEL LAW,Q656655,MICHAEL DEELEY,HOW TO USE THE TELEPHONE,THE MAN WHO FELL TO EARTH,53
15698,MICHAEL LAW,Q3310222,MICHEL LUCAS,PLAYING WITH FIRE,GATES OF PARIS,32
15698,MICHAEL LAW,Q3310222,MICHEL LUCAS,TYPING TECHNIQUE,GATES OF PARIS,20
15698,MICHAEL LAW,Q3310222,MICHEL LUCAS,HOW TO USE THE TELEPHONE,GATES OF PARIS,21
15698,MICHAEL LAW,Q6828300,MICHAEL AUDLEY,PLAYING WITH FIRE,THE MARK OF THE HAWK,27
15698,MICHAEL LAW,Q6828300,MICHAEL AUDLEY,TYPING TECHNIQUE,THE MARK OF THE HAWK,28
15698,MICHAEL LAW,Q6828300,MICHAEL AUDLEY,HOW TO USE THE TELEPHONE,THE MARK OF THE HAWK,41
15698,MICHAEL LAW,Q6832055,MICHAEL LAH,PLAYING WITH FIRE,BLACKBOARD JUMBLE,18
15698,MICHAEL LAW,Q6832055,MICHAEL LAH,TYPING TECHNIQUE,BLACKBOARD JUMBLE,6
15698,MICHAEL LAW,Q6832055,MICHAEL LAH,HOW TO USE THE TELEPHONE,BLACKBOARD JUMBLE,20
15698,MICHAEL LAW,Q5778888,MICHAEL GWYNN,PLAYING WITH FIRE,THE FALL OF THE ROMAN EMPIRE,44
15698,MICHAEL LAW,Q5778888,MICHAEL GWYNN,TYPING TECHNIQUE,QUESTION 7,46
15698,MICHAEL LAW,Q5778888,MICHAEL GWYNN,HOW TO USE THE TELEPHONE,THE FALL OF THE ROMAN EMPIRE,42
15698,MICHAEL LAW,Q3308132,MICHAEL DAVID,PLAYING WITH FIRE,THE INN OF THE SIXTH HAPPINESS,26
15698,MICHAEL LAW,Q3308132,MICHAEL DAVID,TYPING TECHNIQUE,THE INN OF THE SIXTH HAPPINESS,22
15698,MICHAEL LAW,Q3308132,MICHAEL DAVID,HOW TO USE THE TELEPHONE,THE INN OF THE SIXTH HAPPINESS,41
15698,MICHAEL LAW,Q925891,MICHAEL BELL,PLAYING WITH FIRE,REVENGE OF THE PINK PANTHER,41
15698,MICHAEL LAW,Q925891,MICHAEL BELL,TYPING TECHNIQUE,THE THOMPSONS,48
15698,MICHAEL LAW,Q925891,MICHAEL BELL,HOW TO USE THE TELEPHONE,REVENGE OF THE PINK PANTHER,39
15698,MICHAEL LAW,Q23060116,MICHAEL MECHEL,PLAYING WITH FIRE,THE BRIDGE,37
15698,MICHAEL LAW,Q23060116,MICHAEL MECHEL,TYPING TECHNIQUE,HUNDRED YEARS OF BRECHT,36
15698,MICHAEL LAW,Q23060116,MICHAEL MECHEL,HOW TO USE THE TELEPHONE,THE BRIDGE,29
15698,MICHAEL LAW,Q6831010,MICHAEL HAWKINS,PLAYING WITH FIRE,THE HOUND OF THE BASKERVILLES,22
15698,MICHAEL LAW,Q6831010,MICHAEL HAWKINS,TYPING TECHNIQUE,THE HOUND OF THE BASKERVILLES,22
15698,MICHAEL LAW,Q6831010,MICHAEL HAWKINS,HOW TO USE THE TELEPHONE,THE HOUND OF THE BASKERVILLES,42
15698,MICHAEL LAW,Q1927128,MICHAEL CALLAN,PLAYING WITH FIRE,THE FLYING FONTAINES,54
15698,MICHAEL LAW,Q1927128,MICHAEL CALLAN,TYPING TECHNIQUE,THE NEW INTERNS,39
15698,MICHAEL LAW,Q1927128,MICHAEL CALLAN,HOW TO USE THE TELEPHONE,THE NEW INTERNS,41
15698,MICHAEL LAW,Q69674,MICHAEL CRAMER,PLAYING WITH FIRE,BABETTE GOES TO WAR,28
15698,MICHAEL LAW,Q69674,MICHAEL CRAMER,TYPING TECHNIQUE,BABETTE S'EN VA-T-EN GUERRE,33
15698,MICHAEL LAW,Q69674,MICHAEL CRAMER,HOW TO USE THE TELEPHONE,BABETTE GOES TO WAR,33
15698,MICHAEL LAW,Q3309714,MICHEL GAST,PLAYING WITH FIRE,DIE KLOSTERSCHULERINNEN,30
15698,MICHAEL LAW,Q3309714,MICHEL GAST,TYPING TECHNIQUE,DIE KLOSTERSCHULERINNEN,41
15698,MICHAEL LAW,Q3309714,MICHEL GAST,HOW TO USE THE TELEPHONE,I SPIT ON YOUR GRAVES,36
15698,MICHAEL LAW,Q4703653,AL CARMICHAEL,PLAYING WITH FIRE,SPARTACUS,15
15698,MICHAEL LAW,Q4703653,AL CARMICHAEL,TYPING TECHNIQUE,SPARTACUS,24
15698,MICHAEL LAW,Q4703653,AL CARMICHAEL,HOW TO USE THE TELEPHONE,SPARTACUS,18
15698,MICHAEL LAW,Q3288259,MARC MICHEL,PLAYING WITH FIRE,LA BUGIARDA,36
15698,MICHAEL LAW,Q3288259,MARC MICHEL,TYPING TECHNIQUE,THE PLEASURE PIT,38
15698,MICHAEL LAW,Q3288259,MARC MICHEL,HOW TO USE THE TELEPHONE,THE HOLE,50
15698,MICHAEL LAW,Q6830105,MICHAEL ELKINS,PLAYING WITH FIRE,ESTHER AND THE KING,44
15698,MICHAEL LAW,Q6830105,MICHAEL ELKINS,TYPING TECHNIQUE,ESTHER AND THE KING,34
15698,MICHAEL LAW,Q6830105,MICHAEL ELKINS,HOW TO USE THE TELEPHONE,ESTHER AND THE KING,33
15698,MICHAEL LAW,Q3308311,MICHAEL LEES,PLAYING WITH FIRE,KING RAT,40
15698,MICHAEL LAW,Q3308311,MICHAEL LEES,TYPING TECHNIQUE,THE ANGRY SILENCE,30
15698,MICHAEL LAW,Q3308311,MICHAEL LEES,HOW TO USE THE TELEPHONE,THE ANGRY SILENCE,44
15698,MICHAEL LAW,Q12036632,MICHAEL KOBLIC,PLAYING WITH FIRE,THE SLINGER,50
15698,MICHAEL LAW,Q12036632,MICHAEL KOBLIC,TYPING TECHNIQUE,THE SLINGER,22
15698,MICHAEL LAW,Q12036632,MICHAEL KOBLIC,HOW TO USE THE TELEPHONE,THE SLINGER,29
15698,MICHAEL LAW,Q6828645,MICHAEL BILTON,PLAYING WITH FIRE,FULL CIRCLE,36
15698,MICHAEL LAW,Q6828645,MICHAEL BILTON,TYPING TECHNIQUE,FULL CIRCLE,30
15698,MICHAEL LAW,Q6828645,MICHAEL BILTON,HOW TO USE THE TELEPHONE,A TASTE OF HONEY,40
15698,MICHAEL LAW,Q42302599,MICHAEL FLACH,PLAYING WITH FIRE,LANDSBYLAEGEN,27
15698,MICHAEL LAW,Q42302599,MICHAEL FLACH,TYPING TECHNIQUE,KOMTESSEN,24
15698,MICHAEL LAW,Q42302599,MICHAEL FLACH,HOW TO USE THE TELEPHONE,KOMTESSEN,30
15698,MICHAEL LAW,Q656035,MICHAEL CRAWFORD,PLAYING WITH FIRE,TWO LEFT FEET,40
15698,MICHAEL LAW,Q656035,MICHAEL CRAWFORD,TYPING TECHNIQUE,HOW I WON THE WAR,30
15698,MICHAEL LAW,Q656035,MICHAEL CRAWFORD,HOW TO USE THE TELEPHONE,THE KNACK ...AND HOW TO GET IT,51
15698,MICHAEL LAW,Q6829249,MICHAEL CHOW,PLAYING WITH FIRE,HER FATAL WAYS,32
15698,MICHAEL LAW,Q6829249,MICHAEL CHOW,TYPING TECHNIQUE,THE ERA OF VAMPIRES,34
15698,MICHAEL LAW,Q6829249,MICHAEL CHOW,HOW TO USE THE TELEPHONE,THE ERA OF VAMPIRES,33
15698,MICHAEL LAW,Q1278413,MICHAEL CONRAD,PLAYING WITH FIRE,UN FLIC,33
15698,MICHAEL LAW,Q1278413,MICHAEL CONRAD,TYPING TECHNIQUE,THE LONGEST YARD,31
15698,MICHAEL LAW,Q1278413,MICHAEL CONRAD,HOW TO USE THE TELEPHONE,THE LONGEST YARD,45
15698,MICHAEL LAW,Q5614101,MICHAEL CULVER,PLAYING WITH FIRE,FROM RUSSIA WITH LOVE,53
15698,MICHAEL LAW,Q5614101,MICHAEL CULVER,TYPING TECHNIQUE,"GOODBYE, MR. CHIPS",31
15698,MICHAEL LAW,Q5614101,MICHAEL CULVER,HOW TO USE THE TELEPHONE,STAR WARS: EPISODE V - THE EMPIRE STRIKES BACK,39
15698,MICHAEL LAW,Q1374039,MICHAEL CHOW,PLAYING WITH FIRE,YOU ONLY LIVE TWICE,44
15698,MICHAEL LAW,Q1374039,MICHAEL CHOW,TYPING TECHNIQUE,55 DAYS AT PEKING,30
15698,MICHAEL LAW,Q1374039,MICHAEL CHOW,HOW TO USE THE TELEPHONE,YOU ONLY LIVE TWICE,33
15698,MICHAEL LAW,Q981182,MICHAEL EVANS,PLAYING WITH FIRE,LOW LIFE,40
15698,MICHAEL LAW,Q981182,MICHAEL EVANS,TYPING TECHNIQUE,UN BEAU DIMANCHE,38
15698,MICHAEL LAW,Q981182,MICHAEL EVANS,HOW TO USE THE TELEPHONE,UN BEAU DIMANCHE,30
15698,MICHAEL LAW,Q1927384,MICHAEL EVANS,PLAYING WITH FIRE,BYE BYE BIRDIE,39
15698,MICHAEL LAW,Q1927384,MICHAEL EVANS,TYPING TECHNIQUE,BYE BYE BIRDIE,27
15698,MICHAEL LAW,Q1927384,MICHAEL EVANS,HOW TO USE THE TELEPHONE,BYE BYE BIRDIE,26
15698,MICHAEL LAW,Q6828065,MICHAEL A. HOEY,PLAYING WITH FIRE,PALM SPRINGS WEEKEND,32
15698,MICHAEL LAW,Q6828065,MICHAEL A. HOEY,TYPING TECHNIQUE,NORTH STAR,31
15698,MICHAEL LAW,Q6828065,MICHAEL A. HOEY,HOW TO USE THE TELEPHONE,THE NAVY VS. THE NIGHT MONSTERS,41
15698,MICHAEL LAW,Q20502605,MICHAEL GOR,PLAYING WITH FIRE,ONE POUND ONLY,26
15698,MICHAEL LAW,Q20502605,MICHAEL GOR,TYPING TECHNIQUE,ONE POUND ONLY,40
15698,MICHAEL LAW,Q20502605,MICHAEL GOR,HOW TO USE THE TELEPHONE,SANDS OF BEERSHEBA,38
15698,MICHAEL LAW,Q107442391,MICHAELA LOHNISKA,PLAYING WITH FIRE,IF A THOUSAND CLARINETS,45
15698,MICHAEL LAW,Q107442391,MICHAELA LOHNISKA,TYPING TECHNIQUE,KDYBY TISIC KLARINETU,27
15698,MICHAEL LAW,Q107442391,MICHAELA LOHNISKA,HOW TO USE THE TELEPHONE,IF A THOUSAND CLARINETS,43
15698,MICHAEL LAW,Q6829704,MICHAEL DANTE,PLAYING WITH FIRE,THE NAKED KISS,32
15698,MICHAEL LAW,Q6829704,MICHAEL DANTE,TYPING TECHNIQUE,MISSILE X - GEHEIMAUFTRAG NEUTRONENBOMBE,22
15698,MICHAEL LAW,Q6829704,MICHAEL DANTE,HOW TO USE THE TELEPHONE,THE NAKED KISS,32
15698,MICHAEL LAW,Q450453,MICHAEL HOLM,PLAYING WITH FIRE,"MEIN VATER, DER AFFE UND ICH",32
15698,MICHAEL LAW,Q450453,MICHAEL HOLM,TYPING TECHNIQUE,MY LOVE AND I,34
15698,MICHAEL LAW,Q450453,MICHAEL HOLM,HOW TO USE THE TELEPHONE,HEXEN BIS AUFS BLUT GEQUALT,31
15698,MICHAEL LAW,Q1930074,MICHAELA MAY,PLAYING WITH FIRE,LOVE SCENES FROM PLANET EARTH,39
15698,MICHAEL LAW,Q1930074,MICHAELA MAY,TYPING TECHNIQUE,ONKEL TOMS HUTTE,38
15698,MICHAEL LAW,Q1930074,MICHAELA MAY,HOW TO USE THE TELEPHONE,ONKEL TOMS HUTTE,50
15698,MICHAEL LAW,Q15463660,MICHAEL BLAKEMORE,PLAYING WITH FIRE,PRIVATES ON PARADE,34
15698,MICHAEL LAW,Q15463660,MICHAEL BLAKEMORE,TYPING TECHNIQUE,CATCH US IF YOU CAN,40
15698,MICHAEL LAW,Q15463660,MICHAEL BLAKEMORE,HOW TO USE THE TELEPHONE,A PERSONAL HISTORY OF THE AUSTRALIAN SURF,31
15698,MICHAEL LAW,Q203545,MICHAEL GAMBON,PLAYING WITH FIRE,KINGSMAN: THE GOLDEN CIRCLE,51
15698,MICHAEL LAW,Q203545,MICHAEL GAMBON,TYPING TECHNIQUE,NOTHING BUT THE NIGHT,43
15698,MICHAEL LAW,Q203545,MICHAEL GAMBON,HOW TO USE THE TELEPHONE,THE WINGS OF THE DOVE,49
15698,MICHAEL LAW,Q1928504,MICHAEL MAIEN,PLAYING WITH FIRE,EYE IN THE LABYRINTH,49
15698,MICHAEL LAW,Q1928504,MICHAEL MAIEN,TYPING TECHNIQUE,HOTEL BY THE HOUR,36
15698,MICHAEL LAW,Q1928504,MICHAEL MAIEN,HOW TO USE THE TELEPHONE,HOTEL BY THE HOUR,54
15698,MICHAEL LAW,Q119798,MICHAEL DOUGLAS,PLAYING WITH FIRE,THE IN-LAWS,50
15698,MICHAEL LAW,Q119798,MICHAEL DOUGLAS,TYPING TECHNIQUE,A CHORUS LINE,41
15698,MICHAEL LAW,Q119798,MICHAEL DOUGLAS,HOW TO USE THE TELEPHONE,THE JEWEL OF THE NILE,53
15698,MICHAEL LAW,Q3309599,MICHEL FANO,PLAYING WITH FIRE,TRANS-EUROP-EXPRESS,28
15698,MICHAEL LAW,Q3309599,MICHEL FANO,TYPING TECHNIQUE,TRANS-EUROP-EXPRESS,34
15698,MICHAEL LAW,Q3309599,MICHEL FANO,HOW TO USE THE TELEPHONE,N. A PRIS LES DES...,30
15698,MICHAEL LAW,Q1562857,MICHAEL COLE,PLAYING WITH FIRE,THE LAST CHILD,45
15698,MICHAEL LAW,Q1562857,MICHAEL COLE,TYPING TECHNIQUE,THE LAST CHILD,33
15698,MICHAEL LAW,Q1562857,MICHAEL COLE,HOW TO USE THE TELEPHONE,THE LAST CHILD,37
15698,MICHAEL LAW,Q26833609,LAKIS MICHAELIDES,PLAYING WITH FIRE,E NERAIDA KAI TO PALIKARI,38
15698,MICHAEL LAW,Q26833609,LAKIS MICHAELIDES,TYPING TECHNIQUE,TO THUMA,42
15698,MICHAEL LAW,Q26833609,LAKIS MICHAELIDES,HOW TO USE THE TELEPHONE,"TRELLOS EIMAI O,TI THELO KANO!..",42
15698,MICHAEL LAW,Q1928415,MICHAEL LENTZ,PLAYING WITH FIRE,DAS WEISSE RAUSCHEN,33
15698,MICHAEL LAW,Q1928415,MICHAEL LENTZ,TYPING TECHNIQUE,DAS WEISSE RAUSCHEN,29
15698,MICHAEL LAW,Q1928415,MICHAEL LENTZ,HOW TO USE THE TELEPHONE,THE WHITE SOUND,46
15698,MICHAEL LAW,Q269106,MICHELE LEE,PLAYING WITH FIRE,HOW TO SUCCEED IN BUSINESS WITHOUT REALLY TRYING,40
15698,MICHAEL LAW,Q269106,MICHELE LEE,TYPING TECHNIQUE,THE COMIC,32
15698,MICHAEL LAW,Q269106,MICHELE LEE,HOW TO USE THE TELEPHONE,HOW TO SUCCEED IN BUSINESS WITHOUT REALLY TRYING,36
15698,MICHAEL LAW,Q94333,MICHAEL LAUGHLIN,PLAYING WITH FIRE,MY LETTER TO GEORGE,39
15698,MICHAEL LAW,Q94333,MICHAEL LAUGHLIN,TYPING TECHNIQUE,THE WHISPERERS,33
15698,MICHAEL LAW,Q94333,MICHAEL LAUGHLIN,HOW TO USE THE TELEPHONE,TWO-LANE BLACKTOP,39
15698,MICHAEL LAW,Q20059893,MICHAEL LAURENCE,PLAYING WITH FIRE,ON THE HOP,37
15698,MICHAEL LAW,Q20059893,MICHAEL LAURENCE,TYPING TECHNIQUE,ON THE HOP,31
15698,MICHAEL LAW,Q20059893,MICHAEL LAURENCE,HOW TO USE THE TELEPHONE,ON THE HOP,53
15698,MICHAEL LAW,Q16013261,ALTIA MICHEL,PLAYING WITH FIRE,THE EMPIRE OF DRACULA,37
15698,MICHAEL LAW,Q16013261,ALTIA MICHEL,TYPING TECHNIQUE,THE EMPIRE OF DRACULA,27
15698,MICHAEL LAW,Q16013261,ALTIA MICHEL,HOW TO USE THE TELEPHONE,THE EMPIRE OF DRACULA,22
15698,MICHAEL LAW,Q4281614,JULIA MARICHAL,PLAYING WITH FIRE,ISLE OF THE SNAKE PEOPLE,44
15698,MICHAEL LAW,Q4281614,JULIA MARICHAL,TYPING TECHNIQUE,FANDO Y LIS,30
15698,MICHAEL LAW,Q4281614,JULIA MARICHAL,HOW TO USE THE TELEPHONE,ISLE OF THE SNAKE PEOPLE,42
15698,MICHAEL LAW,Q29545039,MICHAEL J. LEWIS,PLAYING WITH FIRE,THE NAKED FACE,45
15698,MICHAEL LAW,Q29545039,MICHAEL J. LEWIS,TYPING TECHNIQUE,THE STICK UP,43
15698,MICHAEL LAW,Q29545039,MICHAEL J. LEWIS,HOW TO USE THE TELEPHONE,THEATRE OF BLOOD,45
15698,MICHAEL LAW,Q62547,MICHAEL BALLHAUS,PLAYING WITH FIRE,THE FIRST POLKA,62
15698,MICHAEL LAW,Q62547,MICHAEL BALLHAUS,TYPING TECHNIQUE,WHITY,38
15698,MICHAEL LAW,Q62547,MICHAEL BALLHAUS,HOW TO USE THE TELEPHONE,UNDER THE CHERRY MOON,49
15698,MICHAEL LAW,Q15521093,MICHAEL BRYANT,PLAYING WITH FIRE,"MUMSY, NANNY, SONNY AND GIRLY",27
15698,MICHAEL LAW,Q15521093,MICHAEL BRYANT,TYPING TECHNIQUE,"GOODBYE, MR. CHIPS",31
15698,MICHAEL LAW,Q15521093,MICHAEL BRYANT,HOW TO USE THE TELEPHONE,"GOODBYE, MR. CHIPS",25
15698,MICHAEL LAW,Q18330773,MICHAEL HAYES,PLAYING WITH FIRE,THE PROMISE,36
15698,MICHAEL LAW,Q18330773,MICHAEL HAYES,TYPING TECHNIQUE,THE PROMISE,30
15698,MICHAEL LAW,Q18330773,MICHAEL HAYES,HOW TO USE THE TELEPHONE,THE PROMISE,34
15698,MICHAEL LAW,Q15999889,MICHAEL LATIMER,PLAYING WITH FIRE,GINGER MEGGS,28
15698,MICHAEL LAW,Q15999889,MICHAEL LATIMER,TYPING TECHNIQUE,GINGER MEGGS,21
15698,MICHAEL LAW,Q15999889,MICHAEL LATIMER,HOW TO USE THE TELEPHONE,MAN OF VIOLENCE,31
15698,MICHAEL LAW,Q692550,MICHAEL KAHN,PLAYING WITH FIRE,THE DEVIL'S RAIN,48
15698,MICHAEL LAW,Q692550,MICHAEL KAHN,TYPING TECHNIQUE,SAVING PRIVATE RYAN,40
15698,MICHAEL LAW,Q692550,MICHAEL KAHN,HOW TO USE THE TELEPHONE,THE GOONIES,46
15698,MICHAEL LAW,Q6830052,MICHAEL EARL,PLAYING WITH FIRE,THE PHANTOM TOLLBOOTH,26
15698,MICHAEL LAW,Q6830052,MICHAEL EARL,TYPING TECHNIQUE,THE PHANTOM TOLLBOOTH,27
15698,MICHAEL LAW,Q6830052,MICHAEL EARL,HOW TO USE THE TELEPHONE,THE PHANTOM TOLLBOOTH,44
15698,MICHAEL LAW,Q3308234,MICHAEL HALEY,PLAYING WITH FIRE,REGARDING HENRY,38
15698,MICHAEL LAW,Q3308234,MICHAEL HALEY,TYPING TECHNIQUE,REGARDING HENRY,39
15698,MICHAEL LAW,Q3308234,MICHAEL HALEY,HOW TO USE THE TELEPHONE,THE HONEYMOON KILLERS,36
15698,MICHAEL LAW,Q527303,MICHAEL LERNER,PLAYING WITH FIRE,THE BALTIMORE BULLET,43
15698,MICHAEL LAW,Q527303,MICHAEL LERNER,TYPING TECHNIQUE,LAST MAN STANDING,42
15698,MICHAEL LAW,Q527303,MICHAEL LERNER,HOW TO USE THE TELEPHONE,THE ROAD TO WELLVILLE,44
15698,MICHAEL LAW,Q14702009,MICHAEL CAFFEY,PLAYING WITH FIRE,THE BOY WHO STOLE THE ELEPHANT,21
15698,MICHAEL LAW,Q14702009,MICHAEL CAFFEY,TYPING TECHNIQUE,THE BOY WHO STOLE THE ELEPHANT,17
15698,MICHAEL LAW,Q14702009,MICHAEL CAFFEY,HOW TO USE THE TELEPHONE,THE BOY WHO STOLE THE ELEPHANT,59
15698,MICHAEL LAW,Q350717,MICHAEL APTED,PLAYING WITH FIRE,GORILLAS IN THE MIST,49
15698,MICHAEL LAW,Q350717,MICHAEL APTED,TYPING TECHNIQUE,THE TRIPLE ECHO,45
15698,MICHAEL LAW,Q350717,MICHAEL APTED,HOW TO USE THE TELEPHONE,THE COLLECTION,47
15698,MICHAEL LAW,Q1927677,MICHAEL HALLER,PLAYING WITH FIRE,THE LAST DETAIL,44
15698,MICHAEL LAW,Q1927677,MICHAEL HALLER,TYPING TECHNIQUE,THE LAST DETAIL,26
15698,MICHAEL LAW,Q1927677,MICHAEL HALLER,HOW TO USE THE TELEPHONE,THE LAST DETAIL,31
15698,MICHAEL LAW,Q63389892,MICHAEL J. LEWIS,PLAYING WITH FIRE,"UNMAN, WITTERING AND ZIGO",34
15698,MICHAEL LAW,Q63389892,MICHAEL J. LEWIS,TYPING TECHNIQUE,"UNMAN, WITTERING AND ZIGO",25
15698,MICHAEL LAW,Q63389892,MICHAEL J. LEWIS,HOW TO USE THE TELEPHONE,"UNMAN, WITTERING AND ZIGO",17
15698,MICHAEL LAW,Q16107301,MICHAEL FEAST,PLAYING WITH FIRE,THE DRAUGHTSMAN'S CONTRACT,33
15698,MICHAEL LAW,Q16107301,MICHAEL FEAST,TYPING TECHNIQUE,THE TRIBE,48
15698,MICHAEL LAW,Q16107301,MICHAEL FEAST,HOW TO USE THE TELEPHONE,THE DEATHS OF IAN STONE,47
15698,MICHAEL LAW,Q19962681,MICHAEL CAMPUS,PLAYING WITH FIRE,THE PASSOVER PLOT,41
15698,MICHAEL LAW,Q19962681,MICHAEL CAMPUS,TYPING TECHNIQUE,THE MACK,25
15698,MICHAEL LAW,Q19962681,MICHAEL CAMPUS,HOW TO USE THE TELEPHONE,THE PASSOVER PLOT,34
15698,MICHAEL LAW,Q3309564,MICHEL ELIAS,PLAYING WITH FIRE,THE LADY BANKER,50
15698,MICHAEL LAW,Q3309564,MICHEL ELIAS,TYPING TECHNIQUE,LA BANQUIERE,36
15698,MICHAEL LAW,Q3309564,MICHEL ELIAS,HOW TO USE THE TELEPHONE,TAKE IT FROM THE TOP,50
15698,MICHAEL LAW,Q74037,MICHAEL HABECK,PLAYING WITH FIRE,"LUCIE, POSTRACH ULICE",32
15698,MICHAEL LAW,Q74037,MICHAEL HABECK,TYPING TECHNIQUE,ASTERIX ET LES INDIENS,37
15698,MICHAEL LAW,Q74037,MICHAEL HABECK,HOW TO USE THE TELEPHONE,"LUCIE, POSTRACH ULICE",36
15698,MICHAEL LAW,Q6830117,MICHAEL ELWYN,PLAYING WITH FIRE,A TOUCH OF CLASS,36
15698,MICHAEL LAW,Q6830117,MICHAEL ELWYN,TYPING TECHNIQUE,DOT THE I,32
15698,MICHAEL LAW,Q6830117,MICHAEL ELWYN,HOW TO USE THE TELEPHONE,DOT THE I,36
15698,MICHAEL LAW,Q1772656,MICHAEL GAHR,PLAYING WITH FIRE,THE NASTY GIRL,52
15698,MICHAEL LAW,Q1772656,MICHAEL GAHR,TYPING TECHNIQUE,GERMANY IN AUTUMN,36
15698,MICHAEL LAW,Q1772656,MICHAEL GAHR,HOW TO USE THE TELEPHONE,THE ODESSA FILE,41
15698,MICHAEL LAW,Q1383840,MICHAEL FRANKS,PLAYING WITH FIRE,COCKFIGHTER,21
15698,MICHAEL LAW,Q1383840,MICHAEL FRANKS,TYPING TECHNIQUE,COCKFIGHTER,15
15698,MICHAEL LAW,Q1383840,MICHAEL FRANKS,HOW TO USE THE TELEPHONE,COCKFIGHTER,17
15698,MICHAEL LAW,Q1346638,MICHAEL HUI,PLAYING WITH FIRE,FRONT PAGE,44
15698,MICHAEL LAW,Q1346638,MICHAEL HUI,TYPING TECHNIQUE,THE BANQUET,44
15698,MICHAEL LAW,Q1346638,MICHAEL HUI,HOW TO USE THE TELEPHONE,THE MAGIC TOUCH,41
15698,MICHAEL LAW,Q3310145,MICHEL LECHAT,PLAYING WITH FIRE,MIREILLE AND THE OTHERS,30
15698,MICHAEL LAW,Q3310145,MICHEL LECHAT,TYPING TECHNIQUE,MIREILLE DANS LA VIE DES AUTRES,30
15698,MICHAEL LAW,Q3310145,MICHEL LECHAT,HOW TO USE THE TELEPHONE,MIREILLE AND THE OTHERS,43
15698,MICHAEL LAW,Q6830740,MICHAEL GRAY,PLAYING WITH FIRE,OUR TIME,16
15698,MICHAEL LAW,Q6830740,MICHAEL GRAY,TYPING TECHNIQUE,OUR TIME,33
15698,MICHAEL LAW,Q6830740,MICHAEL GRAY,HOW TO USE THE TELEPHONE,OUR TIME,25
15698,MICHAEL LAW,Q11339667,MICHAEL FINDLAY,PLAYING WITH FIRE,SHRIEK OF THE MUTILATED,35
15698,MICHAEL LAW,Q11339667,MICHAEL FINDLAY,TYPING TECHNIQUE,TENEMENT,42
15698,MICHAEL LAW,Q11339667,MICHAEL FINDLAY,HOW TO USE THE TELEPHONE,TENEMENT,31
15698,MICHAEL LAW,Q106375200,MICHAEL BARRY,PLAYING WITH FIRE,VIOLET TENDENCIES,29
15698,MICHAEL LAW,Q106375200,MICHAEL BARRY,TYPING TECHNIQUE,VIOLET TENDENCIES,42
15698,MICHAEL LAW,Q106375200,MICHAEL BARRY,HOW TO USE THE TELEPHONE,THE SECOND COMING OF SUZANNE,38
15698,MICHAEL LAW,Q12326956,MICHAEL LINDVAD,PLAYING WITH FIRE,THE BOYS FROM ST. PETRI,41
15698,MICHAEL LAW,Q12326956,MICHAEL LINDVAD,TYPING TECHNIQUE,DRENGENE FRA SANKT PETRI,35
15698,MICHAEL LAW,Q12326956,MICHAEL LINDVAD,HOW TO USE THE TELEPHONE,DRENGENE FRA SANKT PETRI,33
15698,MICHAEL LAW,Q63798287,MICHEL MCLEAN,PLAYING WITH FIRE,BAR SALON,31
15698,MICHAEL LAW,Q63798287,MICHEL MCLEAN,TYPING TECHNIQUE,BAR SALON,8
15698,MICHAEL LAW,Q63798287,MICHEL MCLEAN,HOW TO USE THE TELEPHONE,BAR SALON,24
15698,MICHAEL LAW,Q1533044,MICHAEL EPP,PLAYING WITH FIRE,DIE STANDARTE,40
15698,MICHAEL LAW,Q1533044,MICHAEL EPP,TYPING TECHNIQUE,DER SCHNUFFLER,40
15698,MICHAEL LAW,Q1533044,MICHAEL EPP,HOW TO USE THE TELEPHONE,STERN OHNE HIMMEL,44
15698,MICHAEL LAW,Q75507261,MICHAEL HARDY,PLAYING WITH FIRE,OVERKLASSENS HEMMELIGE SEXGLAEDER,28
15698,MICHAEL LAW,Q75507261,MICHAEL HARDY,TYPING TECHNIQUE,OVERKLASSENS HEMMELIGE SEXGLAEDER,24
15698,MICHAEL LAW,Q75507261,MICHAEL HARDY,HOW TO USE THE TELEPHONE,OVERKLASSENS HEMMELIGE SEXGLAEDER,28
15698,MICHAEL LAW,Q1398256,MICHEL BLANC,PLAYING WITH FIRE,LE POINT DE MIRE,48
15698,MICHAEL LAW,Q1398256,MICHEL BLANC,TYPING TECHNIQUE,THE SECOND WIND,45
15698,MICHAEL LAW,Q1398256,MICHEL BLANC,HOW TO USE THE TELEPHONE,THE OTHER ONE'S MUG,51
15698,MICHAEL LAW,Q1367289,MICHAEL MASSER,PLAYING WITH FIRE,MAHOGANY,16
15698,MICHAEL LAW,Q1367289,MICHAEL MASSER,TYPING TECHNIQUE,MAHOGANY,25
15698,MICHAEL LAW,Q1367289,MICHAEL MASSER,HOW TO USE THE TELEPHONE,MAHOGANY,19
15698,MICHAEL LAW,Q6831012,MICHAEL HAWKINS,PLAYING WITH FIRE,TRUCKER'S WOMAN,25
15698,MICHAEL LAW,Q6831012,MICHAEL HAWKINS,TYPING TECHNIQUE,TRUCKER'S WOMAN,19
15698,MICHAEL LAW,Q6831012,MICHAEL HAWKINS,HOW TO USE THE TELEPHONE,TRUCKER'S WOMAN,26
15698,MICHAEL LAW,Q5748517,MICHAEL GABAY,PLAYING WITH FIRE,FRU INGER TIL OSTRAT,43
15698,MICHAEL LAW,Q5748517,MICHAEL GABAY,TYPING TECHNIQUE,THE BROTHERS LIONHEART,32
15698,MICHAEL LAW,Q5748517,MICHAEL GABAY,HOW TO USE THE TELEPHONE,THE BROTHERS LIONHEART,43
15698,MICHAEL LAW,Q156300,MICHAEL KAMEN,PLAYING WITH FIRE,DIE HARD WITH A VENGEANCE,52
15698,MICHAEL LAW,Q156300,MICHAEL KAMEN,TYPING TECHNIQUE,BETWEEN THE LINES,42
15698,MICHAEL LAW,Q156300,MICHAEL KAMEN,HOW TO USE THE TELEPHONE,I'M TELLING YOU FOR THE LAST TIME,49
15698,MICHAEL LAW,Q3310093,MICHEL LANG,PLAYING WITH FIRE,HOLIDAY HOTEL,33
15698,MICHAEL LAW,Q3310093,MICHEL LANG,TYPING TECHNIQUE,CLUB DE RENCONTRES,29
15698,MICHAEL LAW,Q3310093,MICHEL LANG,HOW TO USE THE TELEPHONE,A NOUS LES GARCONS,33
15698,MICHAEL LAW,Q3275020,MICHAEL CRAZE,PLAYING WITH FIRE,SATAN'S SLAVE,20
15698,MICHAEL LAW,Q3275020,MICHAEL CRAZE,TYPING TECHNIQUE,TERROR,18
15698,MICHAEL LAW,Q3275020,MICHAEL CRAZE,HOW TO USE THE TELEPHONE,TERROR,20
15698,MICHAEL LAW,Q3600371,A. MICHAEL BALDWIN,PLAYING WITH FIRE,PHANTASM II,43
15698,MICHAEL LAW,Q3600371,A. MICHAEL BALDWIN,TYPING TECHNIQUE,KENNY & COMPANY,21
15698,MICHAEL LAW,Q3600371,A. MICHAEL BALDWIN,HOW TO USE THE TELEPHONE,PHANTASM II,34
15698,MICHAEL LAW,Q48772284,MICHAEL COLES,PLAYING WITH FIRE,SWEENEY!,17
15698,MICHAEL LAW,Q48772284,MICHAEL COLES,TYPING TECHNIQUE,SWEENEY!,35
15698,MICHAEL LAW,Q48772284,MICHAEL COLES,HOW TO USE THE TELEPHONE,SWEENEY!,32
15698,MICHAEL LAW,Q65116367,MICHEL LAROSE,PLAYING WITH FIRE,CHANSON POUR JULIE,23
15698,MICHAEL LAW,Q65116367,MICHEL LAROSE,TYPING TECHNIQUE,CHANSON POUR JULIE,41
15698,MICHAEL LAW,Q65116367,MICHEL LAROSE,HOW TO USE THE TELEPHONE,CHANSON POUR JULIE,33
15698,MICHAEL LAW,Q270097,MICHAEL MANN,PLAYING WITH FIRE,TEXAS KILLING FIELDS,54
15698,MICHAEL LAW,Q270097,MICHAEL MANN,TYPING TECHNIQUE,THE JERICHO MILE,44
15698,MICHAEL LAW,Q270097,MICHAEL MANN,HOW TO USE THE TELEPHONE,HOW TO LET GO OF THE WORLD,60
15698,MICHAEL LAW,Q6829711,MICHAEL DARLOW,PLAYING WITH FIRE,HAZLITT IN LOVE,31
15698,MICHAEL LAW,Q6829711,MICHAEL DARLOW,TYPING TECHNIQUE,HAZLITT IN LOVE,26
15698,MICHAEL LAW,Q6829711,MICHAEL DARLOW,HOW TO USE THE TELEPHONE,HAZLITT IN LOVE,15
15698,MICHAEL LAW,Q3310156,MICHEL LEEB,PLAYING WITH FIRE,LES PARISIENS,40
15698,MICHAEL LAW,Q3310156,MICHEL LEEB,TYPING TECHNIQUE,LES PARISIENS,14
15698,MICHAEL LAW,Q3310156,MICHEL LEEB,HOW TO USE THE TELEPHONE,DROLES DE ZEBRES,30
15698,MICHAEL LAW,Q9176821,BOLESLAW MICHALEK,PLAYING WITH FIRE,LABEDZI SPIEW,33
15698,MICHAEL LAW,Q9176821,BOLESLAW MICHALEK,TYPING TECHNIQUE,LABEDZI SPIEW,34
15698,MICHAEL LAW,Q9176821,BOLESLAW MICHALEK,HOW TO USE THE TELEPHONE,DEATH OF A PRESIDENT,27
15698,MICHAEL LAW,Q6828109,MICHAEL ABRAMS,PLAYING WITH FIRE,THE GLITTERBALL,25
15698,MICHAEL LAW,Q6828109,MICHAEL ABRAMS,TYPING TECHNIQUE,THE GLITTERBALL,26
15698,MICHAEL LAW,Q6828109,MICHAEL ABRAMS,HOW TO USE THE TELEPHONE,THE GLITTERBALL,36
15698,MICHAEL LAW,Q1700385,MICHAEL BRAUN,PLAYING WITH FIRE,DIE ABFAHRER,34
15698,MICHAEL LAW,Q1700385,MICHAEL BRAUN,TYPING TECHNIQUE,DIE ABFAHRER,21
15698,MICHAEL LAW,Q1700385,MICHAEL BRAUN,HOW TO USE THE TELEPHONE,RAUMPATROUILLE ORION - RUCKSTURZ INS KINO,25
15698,MICHAEL LAW,Q3311645,MICHELE LITUAC,PLAYING WITH FIRE,LA RAISON D'ETAT,36
15698,MICHAEL LAW,Q3311645,MICHELE LITUAC,TYPING TECHNIQUE,TAKE IT FROM THE TOP,28
15698,MICHAEL LAW,Q3311645,MICHELE LITUAC,HOW TO USE THE TELEPHONE,TAKE IT FROM THE TOP,50
15698,MICHAEL LAW,Q6831572,MICHAEL JAFFE,PLAYING WITH FIRE,TEXAS KILLING FIELDS,54
15698,MICHAEL LAW,Q6831572,MICHAEL JAFFE,TYPING TECHNIQUE,TEXAS KILLING FIELDS,28
15698,MICHAEL LAW,Q6831572,MICHAEL JAFFE,HOW TO USE THE TELEPHONE,A WOMAN CALLED MOSES,27
15698,MICHAEL LAW,Q138005,MICHAEL KEATON,PLAYING WITH FIRE,WHAT IS LIFE WORTH,46
15698,MICHAEL LAW,Q138005,MICHAEL KEATON,TYPING TECHNIQUE,MUCH ADO ABOUT NOTHING,42
15698,MICHAEL LAW,Q138005,MICHAEL KEATON,HOW TO USE THE TELEPHONE,THE TRIAL OF THE CHICAGO 7,48
15698,MICHAEL LAW,Q447248,MICHAEL LEARNED,PLAYING WITH FIRE,DRAGON: THE BRUCE LEE STORY,37
15698,MICHAEL LAW,Q447248,MICHAEL LEARNED,TYPING TECHNIQUE,LITTLE MO,24
15698,MICHAEL LAW,Q447248,MICHAEL LEARNED,HOW TO USE THE TELEPHONE,TOUCHED BY LOVE,36
15698,MICHAEL LAW,Q6832198,MICHAEL LEONARD,PLAYING WITH FIRE,THEY WENT THAT-A-WAY & THAT-A-WAY,29
15698,MICHAEL LAW,Q6832198,MICHAEL LEONARD,TYPING TECHNIQUE,THEY WENT THAT-A-WAY & THAT-A-WAY,17
15698,MICHAEL LAW,Q6832198,MICHAEL LEONARD,HOW TO USE THE TELEPHONE,THEY WENT THAT-A-WAY & THAT-A-WAY,33
15698,MICHAEL LAW,Q6829206,MICHAEL CHAN,PLAYING WITH FIRE,BRUCE LI THE INVINCIBLE,45
15698,MICHAEL LAW,Q6829206,MICHAEL CHAN,TYPING TECHNIQUE,THE PROUD YOUTH,32
15698,MICHAEL LAW,Q6829206,MICHAEL CHAN,HOW TO USE THE TELEPHONE,THE PROUD YOUTH,36
15698,MICHAEL LAW,Q3308347,MICHAEL MAGEE,PLAYING WITH FIRE,THE BROOD,31
15698,MICHAEL LAW,Q3308347,MICHAEL MAGEE,TYPING TECHNIQUE,THE BROOD,16
15698,MICHAEL LAW,Q3308347,MICHAEL MAGEE,HOW TO USE THE TELEPHONE,THE BROOD,36
15698,MICHAEL LAW,Q6828977,MICHAEL BUTLER,PLAYING WITH FIRE,HAIR,19
15698,MICHAEL LAW,Q6828977,MICHAEL BUTLER,TYPING TECHNIQUE,HAIR,20
15698,MICHAEL LAW,Q6828977,MICHAEL BUTLER,HOW TO USE THE TELEPHONE,HAIR,7
15698,MICHAEL LAW,Q6832082,MICHAEL LANGHAM,PLAYING WITH FIRE,JULIUS CAESAR,7
15698,MICHAEL LAW,Q6832082,MICHAEL LANGHAM,TYPING TECHNIQUE,JULIUS CAESAR,21
15698,MICHAEL LAW,Q6832082,MICHAEL LANGHAM,HOW TO USE THE TELEPHONE,JULIUS CAESAR,22
15698,MICHAEL LAW,Q592268,MICHAEL GAUNT,PLAYING WITH FIRE,CITY OF THE LIVING DEAD,50
15698,MICHAEL LAW,Q592268,MICHAEL GAUNT,TYPING TECHNIQUE,CITY OF THE LIVING DEAD,36
15698,MICHAEL LAW,Q592268,MICHAEL GAUNT,HOW TO USE THE TELEPHONE,CONCORDE AFFAIRE '79,23
15698,MICHAEL LAW,Q503289,MICHAEL O'HARE,PLAYING WITH FIRE,THE PROMISE,36
15698,MICHAEL LAW,Q503289,MICHAEL O'HARE,TYPING TECHNIQUE,THE PROMISE,30
15698,MICHAEL LAW,Q503289,MICHAEL O'HARE,HOW TO USE THE TELEPHONE,THE AMBULANCE,38
15698,MICHAEL LAW,Q6836745,MICHELE FAWDON,PLAYING WITH FIRE,CATHY'S CHILD,20
15698,MICHAEL LAW,Q6836745,MICHELE FAWDON,TYPING TECHNIQUE,CATHY'S CHILD,34
15698,MICHAEL LAW,Q6836745,MICHELE FAWDON,HOW TO USE THE TELEPHONE,CATHY'S CHILD,27
15698,MICHAEL LAW,Q3310103,MICHEL LASORNE,PLAYING WITH FIRE,LA BOUM,25
15698,MICHAEL LAW,Q3310103,MICHEL LASORNE,TYPING TECHNIQUE,LA BOUM,17
15698,MICHAEL LAW,Q3310103,MICHEL LASORNE,HOW TO USE THE TELEPHONE,LA BOUM,19
15698,MICHAEL LAW,Q6830725,MICHAEL GRAIS,PLAYING WITH FIRE,DEATH HUNT,30
15698,MICHAEL LAW,Q6830725,MICHAEL GRAIS,TYPING TECHNIQUE,DEATH HUNT,31
15698,MICHAEL LAW,Q6830725,MICHAEL GRAIS,HOW TO USE THE TELEPHONE,POLTERGEIST II: THE OTHER SIDE,38
15698,MICHAEL LAW,Q3308346,MICHAEL MCLAVERTY,PLAYING WITH FIRE,THE KIDNAPPING OF THE PRESIDENT,38
15698,MICHAEL LAW,Q3308346,MICHAEL MCLAVERTY,TYPING TECHNIQUE,THE KIDNAPPING OF THE PRESIDENT,21
15698,MICHAEL LAW,Q3308346,MICHAEL MCLAVERTY,HOW TO USE THE TELEPHONE,THE KIDNAPPING OF THE PRESIDENT,36
15698,MICHAEL LAW,Q521221,LORNE MICHAELS,PLAYING WITH FIRE,NOTHING LASTS FOREVER,47
15698,MICHAEL LAW,Q521221,LORNE MICHAELS,TYPING TECHNIQUE,THE GUILT TRIP,40
15698,MICHAEL LAW,Q521221,LORNE MICHAELS,HOW TO USE THE TELEPHONE,THE BEACH BOYS: GOOD VIBRATIONS TOUR,44
15698,MICHAEL LAW,Q6829143,MICHAEL CARTER,PLAYING WITH FIRE,THE DRAUGHTSMAN'S CONTRACT,33
15698,MICHAEL LAW,Q6829143,MICHAEL CARTER,TYPING TECHNIQUE,THE KEEP,33
15698,MICHAEL LAW,Q6829143,MICHAEL CARTER,HOW TO USE THE TELEPHONE,THE KEEP,44
15698,MICHAEL LAW,Q3308265,MICHAEL JABLOW,PLAYING WITH FIRE,THE MARRYING MAN,48
15698,MICHAEL LAW,Q3308265,MICHAEL JABLOW,TYPING TECHNIQUE,THE CONTENDER,41
15698,MICHAEL LAW,Q3308265,MICHAEL JABLOW,HOW TO USE THE TELEPHONE,THROW MOMMA FROM THE TRAIN,44
15698,MICHAEL LAW,Q2345897,MICHAEL HAWKINS,PLAYING WITH FIRE,LOOKER,9
15698,MICHAEL LAW,Q2345897,MICHAEL HAWKINS,TYPING TECHNIQUE,LOOKER,9
15698,MICHAEL LAW,Q2345897,MICHAEL HAWKINS,HOW TO USE THE TELEPHONE,LOOKER,13
15698,MICHAEL LAW,Q21033719,MICHAEL KANN,PLAYING WITH FIRE,"STIELKE, HEINZ, FUNFZEHN...",36
15698,MICHAEL LAW,Q21033719,MICHAEL KANN,TYPING TECHNIQUE,"STIELKE, HEINZ, FUNFZEHN...",32
15698,MICHAEL LAW,Q21033719,MICHAEL KANN,HOW TO USE THE TELEPHONE,"STIELKE, HEINZ, FUNFZEHN...",26
15698,MICHAEL LAW,Q311654,MICHAEL LEWIS,PLAYING WITH FIRE,ENTER THE NINJA,44
15698,MICHAEL LAW,Q311654,MICHAEL LEWIS,TYPING TECHNIQUE,ENTER THE NINJA,39
15698,MICHAEL LAW,Q311654,MICHAEL LEWIS,HOW TO USE THE TELEPHONE,THE BIG SHORT,38
15698,MICHAEL LAW,Q3308100,MICHAEL CATON,PLAYING WITH FIRE,LAST CAB TO DARWIN,34
15698,MICHAEL LAW,Q3308100,MICHAEL CATON,TYPING TECHNIQUE,THE INTERVIEW,41
15698,MICHAEL LAW,Q3308100,MICHAEL CATON,HOW TO USE THE TELEPHONE,THE CASTLE,41
15698,MICHAEL LAW,Q23793895,MICHAEL FAUST,PLAYING WITH FIRE,MY FRIEND JOE,33
15698,MICHAEL LAW,Q23793895,MICHAEL FAUST,TYPING TECHNIQUE,MY FRIEND JOE,34
15698,MICHAEL LAW,Q23793895,MICHAEL FAUST,HOW TO USE THE TELEPHONE,SCHULD SIND NUR DIE FRAUEN,20
15698,MICHAEL LAW,Q28824019,MICHAEL KELLY,PLAYING WITH FIRE,ENCINO MAN,30
15698,MICHAEL LAW,Q28824019,MICHAEL KELLY,TYPING TECHNIQUE,ENCINO MAN,31
15698,MICHAEL LAW,Q28824019,MICHAEL KELLY,HOW TO USE THE TELEPHONE,HONKYTONK MAN,32
15698,MICHAEL LAW,Q3277020,MICHAEL DAMIAN,PLAYING WITH FIRE,MARLEY & ME: THE PUPPY YEARS,38
15698,MICHAEL LAW,Q3277020,MICHAEL DAMIAN,TYPING TECHNIQUE,YOUNG DOCTORS IN LOVE,38
15698,MICHAEL LAW,Q3277020,MICHAEL DAMIAN,HOW TO USE THE TELEPHONE,MARLEY & ME: THE PUPPY YEARS,37
15698,MICHAEL LAW,Q22117261,MICHAEL AUSTIN,PLAYING WITH FIRE,FIVE DAYS ONE SUMMER,32
15698,MICHAEL LAW,Q22117261,MICHAEL AUSTIN,TYPING TECHNIQUE,PRINCESS CARABOO,31
15698,MICHAEL LAW,Q22117261,MICHAEL AUSTIN,HOW TO USE THE TELEPHONE,FIVE DAYS ONE SUMMER,32
15698,MICHAEL LAW,Q604762,MICHAEL BOWEN,PLAYING WITH FIRE,THE PLAYER,52
15698,MICHAEL LAW,Q604762,MICHAEL BOWEN,TYPING TECHNIQUE,EACH TIME I KILL,44
15698,MICHAEL LAW,Q604762,MICHAEL BOWEN,HOW TO USE THE TELEPHONE,THE LAST HOUSE ON THE LEFT,60
15698,MICHAEL LAW,Q9003896,MICHAEL MAK,PLAYING WITH FIRE,LONG ARM OF THE LAW 2,47
15698,MICHAEL LAW,Q9003896,MICHAEL MAK,TYPING TECHNIQUE,CITY KIDS 1989,33
15698,MICHAEL LAW,Q9003896,MICHAEL MAK,HOW TO USE THE TELEPHONE,THE SHOOTOUT,44
15698,MICHAEL LAW,Q6832305,MICHAEL LONG,PLAYING WITH FIRE,SQUIZZY TAYLOR,26
15698,MICHAEL LAW,Q6832305,MICHAEL LONG,TYPING TECHNIQUE,SQUIZZY TAYLOR,33
15698,MICHAEL LAW,Q6832305,MICHAEL LONG,HOW TO USE THE TELEPHONE,SQUIZZY TAYLOR,21
15698,MICHAEL LAW,Q1622508,MICHAEL BALDWIN,PLAYING WITH FIRE,BEAUBOURG,15
15698,MICHAEL LAW,Q1622508,MICHAEL BALDWIN,TYPING TECHNIQUE,BEAUBOURG,24
15698,MICHAEL LAW,Q1622508,MICHAEL BALDWIN,HOW TO USE THE TELEPHONE,BEAUBOURG,12
15698,MICHAEL LAW,Q1930072,MICHAELA KUKLOVA,PLAYING WITH FIRE,THE PEARL MAIDEN,48
15698,MICHAEL LAW,Q1930072,MICHAELA KUKLOVA,TYPING TECHNIQUE,UNE TROP BRUYANTE SOLITUDE,43
15698,MICHAEL LAW,Q1930072,MICHAELA KUKLOVA,HOW TO USE THE TELEPHONE,O PERLOVE PANNE,46
15698,MICHAEL LAW,Q3308907,MICHEL AUDY,PLAYING WITH FIRE,LUC OU LA PART DES CHOSES,24
15698,MICHAEL LAW,Q3308907,MICHEL AUDY,TYPING TECHNIQUE,LUC OU LA PART DES CHOSES,24
15698,MICHAEL LAW,Q3308907,MICHEL AUDY,HOW TO USE THE TELEPHONE,LUC OU LA PART DES CHOSES,16
15698,MICHAEL LAW,Q3856171,MICHAEL GILDEN,PLAYING WITH FIRE,PULP FICTION,34
15698,MICHAEL LAW,Q3856171,MICHAEL GILDEN,TYPING TECHNIQUE,PULP FICTION,29
15698,MICHAEL LAW,Q3856171,MICHAEL GILDEN,HOW TO USE THE TELEPHONE,STAR WARS: EPISODE VI - RETURN OF THE JEDI,35
15698,MICHAEL LAW,Q3308290,MICHAEL KAPLAN,PLAYING WITH FIRE,WINTER'S TALE,33
15698,MICHAEL LAW,Q3308290,MICHAEL KAPLAN,TYPING TECHNIQUE,CAT CHASER,31
15698,MICHAEL LAW,Q3308290,MICHAEL KAPLAN,HOW TO USE THE TELEPHONE,STAR WARS: EPISODE VIII - THE LAST JEDI,37
15698,MICHAEL LAW,Q942773,MICHAEL BLAKE,PLAYING WITH FIRE,DANCES WITH WOLVES,34
15698,MICHAEL LAW,Q942773,MICHAEL BLAKE,TYPING TECHNIQUE,STACY'S KNIGHTS,32
15698,MICHAEL LAW,Q942773,MICHAEL BLAKE,HOW TO USE THE TELEPHONE,DANCES WITH WOLVES,24
15698,MICHAEL LAW,Q3856159,MICHAEL EVANS,PLAYING WITH FIRE,ANGELO MY LOVE,19
15698,MICHAEL LAW,Q3856159,MICHAEL EVANS,TYPING TECHNIQUE,ANGELO MY LOVE,27
15698,MICHAEL LAW,Q3856159,MICHAEL EVANS,HOW TO USE THE TELEPHONE,ANGELO MY LOVE,26
15698,MICHAEL LAW,Q22104165,MICHAEL BRYANS,PLAYING WITH FIRE,THE PROFESSION OF ARMS,41
15698,MICHAEL LAW,Q22104165,MICHAEL BRYANS,TYPING TECHNIQUE,THE PROFESSION OF ARMS,21
15698,MICHAEL LAW,Q22104165,MICHAEL BRYANS,HOW TO USE THE TELEPHONE,THE PROFESSION OF ARMS,39
15698,MICHAEL LAW,Q3561497,MICHAEL KOCAB,PLAYING WITH FIRE,THE PIED PIPER,52
15698,MICHAEL LAW,Q3561497,MICHAEL KOCAB,TYPING TECHNIQUE,THE PIED PIPER,33
15698,MICHAEL LAW,Q3561497,MICHAEL KOCAB,HOW TO USE THE TELEPHONE,THE MAGPIE IN THE WISP,48
15698,MICHAEL LAW,Q12326920,MICHAEL FALCH,PLAYING WITH FIRE,MORD I PARADIS,39
15698,MICHAEL LAW,Q12326920,MICHAEL FALCH,TYPING TECHNIQUE,MORD I PARADIS,27
15698,MICHAEL LAW,Q12326920,MICHAEL FALCH,HOW TO USE THE TELEPHONE,APPLAUSE,25
15698,MICHAEL LAW,Q1928215,MICHAEL KLIER,PLAYING WITH FIRE,FARLAND,42
15698,MICHAEL LAW,Q1928215,MICHAEL KLIER,TYPING TECHNIQUE,ALTER UND SCHONHEIT,46
15698,MICHAEL LAW,Q1928215,MICHAEL KLIER,HOW TO USE THE TELEPHONE,ALTER UND SCHONHEIT,47
15698,MICHAEL LAW,Q784090,MICHAEL LANDAU,PLAYING WITH FIRE,KILLING CARS,34
15698,MICHAEL LAW,Q784090,MICHAEL LANDAU,TYPING TECHNIQUE,KILLING CARS,36
15698,MICHAEL LAW,Q784090,MICHAEL LANDAU,HOW TO USE THE TELEPHONE,AM UFER DER DAMMERUNG,27
15698,MICHAEL LAW,Q6832534,MICHAEL MARKOWITZ,PLAYING WITH FIRE,THE FLAMINGO KID,61
15698,MICHAEL LAW,Q6832534,MICHAEL MARKOWITZ,TYPING TECHNIQUE,HORRIBLE BOSSES,26
15698,MICHAEL LAW,Q6832534,MICHAEL MARKOWITZ,HOW TO USE THE TELEPHONE,THE FLAMINGO KID,30
15698,MICHAEL LAW,Q6832258,MICHAEL LINN,PLAYING WITH FIRE,IMPRINT,42
15698,MICHAEL LAW,Q6832258,MICHAEL LINN,TYPING TECHNIQUE,IMPRINT,35
15698,MICHAEL LAW,Q6832258,MICHAEL LINN,HOW TO USE THE TELEPHONE,ALLAN QUATERMAIN AND THE LOST CITY OF GOLD,27
15698,MICHAEL LAW,Q121560,MICHAEL LESCH,PLAYING WITH FIRE,HEIMAT - EINE DEUTSCHE CHRONIK,36
15698,MICHAEL LAW,Q121560,MICHAEL LESCH,TYPING TECHNIQUE,HEIMAT - EINE DEUTSCHE CHRONIK,41
15698,MICHAEL LAW,Q121560,MICHAEL LESCH,HOW TO USE THE TELEPHONE,HEIMAT - EINE DEUTSCHE CHRONIK,46
15698,MICHAEL LAW,Q1928130,MICHAEL KAUSCH,PLAYING WITH FIRE,HEIMAT - EINE DEUTSCHE CHRONIK,36
15698,MICHAEL LAW,Q1928130,MICHAEL KAUSCH,TYPING TECHNIQUE,HEIMAT - EINE DEUTSCHE CHRONIK,41
15698,MICHAEL LAW,Q1928130,MICHAEL KAUSCH,HOW TO USE THE TELEPHONE,HEIMAT - EINE DEUTSCHE CHRONIK,46
15698,MICHAEL LAW,Q6835594,MICHAELA DOLINOVA,PLAYING WITH FIRE,HOW POETS ARE LOSING THEIR ILLUSIONS,38
15698,MICHAEL LAW,Q6835594,MICHAELA DOLINOVA,TYPING TECHNIQUE,ANGEL IN A DEVIL'S BODY,26
15698,MICHAEL LAW,Q6835594,MICHAELA DOLINOVA,HOW TO USE THE TELEPHONE,HOW POETS ARE LOSING THEIR ILLUSIONS,40
15698,MICHAEL LAW,Q1928810,MICHAEL O'LEARY,PLAYING WITH FIRE,FATAL GAMES,14
15698,MICHAEL LAW,Q1928810,MICHAEL O'LEARY,TYPING TECHNIQUE,FATAL GAMES,15
15698,MICHAEL LAW,Q1928810,MICHAEL O'LEARY,HOW TO USE THE TELEPHONE,FATAL GAMES,17
15698,MICHAEL LAW,Q57296,MICHAEL COLE,PLAYING WITH FIRE,THE CRAZIES,36
15698,MICHAEL LAW,Q57296,MICHAEL COLE,TYPING TECHNIQUE,NICKEL MOUNTAIN,26
15698,MICHAEL LAW,Q57296,MICHAEL COLE,HOW TO USE THE TELEPHONE,BEYOND THE CITY LIMITS,30
15698,MICHAEL LAW,Q19059461,MICHAEL LLOYD,PLAYING WITH FIRE,THE GARBAGE PAIL KIDS MOVIE,36
15698,MICHAEL LAW,Q19059461,MICHAEL LLOYD,TYPING TECHNIQUE,AFGHAN KNIGHTS,27
15698,MICHAEL LAW,Q19059461,MICHAEL LLOYD,HOW TO USE THE TELEPHONE,LOVELINES,36
15698,MICHAEL LAW,Q6830710,MICHAEL GOW,PLAYING WITH FIRE,CRIME OF THE DECADE,39
15698,MICHAEL LAW,Q6830710,MICHAEL GOW,TYPING TECHNIQUE,CRIME OF THE DECADE,29
15698,MICHAEL LAW,Q6830710,MICHAEL GOW,HOW TO USE THE TELEPHONE,CRIME OF THE DECADE,23
15698,MICHAEL LAW,Q43740019,MICHAEL HILD,PLAYING WITH FIRE,DIE SIEGER,37
15698,MICHAEL LAW,Q43740019,MICHAEL HILD,TYPING TECHNIQUE,DIE SKORPIONFRAU,38
15698,MICHAEL LAW,Q43740019,MICHAEL HILD,HOW TO USE THE TELEPHONE,THE SCORPION WOMAN,48
15698,MICHAEL LAW,Q12036712,MICHAL GULYAS,PLAYING WITH FIRE,LE MARTYRE DE SAINT SEBASTIEN,35
15698,MICHAEL LAW,Q12036712,MICHAL GULYAS,TYPING TECHNIQUE,CHILD 44 (FILM),34
15698,MICHAEL LAW,Q12036712,MICHAL GULYAS,HOW TO USE THE TELEPHONE,IT'S GONNA GET WORSE,41
15698,MICHAEL LAW,Q3308310,MICHAEL LASKIN,PLAYING WITH FIRE,PASSION FISH,48
15698,MICHAEL LAW,Q3308310,MICHAEL LASKIN,TYPING TECHNIQUE,MINI'S FIRST TIME,36
15698,MICHAEL LAW,Q3308310,MICHAEL LASKIN,HOW TO USE THE TELEPHONE,THE SEVENTH SIGN,35
15698,MICHAEL LAW,Q6828119,MICHAEL ADAMS,PLAYING WITH FIRE,COMMANDO,16
15698,MICHAEL LAW,Q6828119,MICHAEL ADAMS,TYPING TECHNIQUE,COMMANDO,17
15698,MICHAEL LAW,Q6828119,MICHAEL ADAMS,HOW TO USE THE TELEPHONE,COMMANDO,12
15698,MICHAEL LAW,Q1928391,MICHAEL LAUX,PLAYING WITH FIRE,JENSEITS VON BLAU,29
15698,MICHAEL LAW,Q1928391,MICHAEL LAUX,TYPING TECHNIQUE,RICHY GUITAR,29
15698,MICHAEL LAW,Q1928391,MICHAEL LAUX,HOW TO USE THE TELEPHONE,JENSEITS VON BLAU,20
15698,MICHAEL LAW,Q3308216,MICHAEL GOLDMAN,PLAYING WITH FIRE,THE HOUSE OF JADE,35
15698,MICHAEL LAW,Q3308216,MICHAEL GOLDMAN,TYPING TECHNIQUE,UNE FEMME OU DEUX,30
15698,MICHAEL LAW,Q3308216,MICHAEL GOLDMAN,HOW TO USE THE TELEPHONE,THE HOUSE OF JADE,44
15698,MICHAEL LAW,Q506231,MICHAEL FRAYN,PLAYING WITH FIRE,CLOCKWISE,23
15698,MICHAEL LAW,Q506231,MICHAEL FRAYN,TYPING TECHNIQUE,NOISES OFF,15
15698,MICHAEL LAW,Q506231,MICHAEL FRAYN,HOW TO USE THE TELEPHONE,CLOCKWISE,24
15698,MICHAEL LAW,Q3229679,LEONARD MICHAELS,PLAYING WITH FIRE,THE MEN'S CLUB,32
15698,MICHAEL LAW,Q3229679,LEONARD MICHAELS,TYPING TECHNIQUE,THE MEN'S CLUB,27
15698,MICHAEL LAW,Q3229679,LEONARD MICHAELS,HOW TO USE THE TELEPHONE,THE MEN'S CLUB,37
15698,MICHAEL LAW,Q3308115,MICHAEL CLARK,PLAYING WITH FIRE,HAIL THE NEW PURITAN,38
15698,MICHAEL LAW,Q3308115,MICHAEL CLARK,TYPING TECHNIQUE,"THE COOK, THE THIEF, HIS WIFE & HER LOVER",23
15698,MICHAEL LAW,Q3308115,MICHAEL CLARK,HOW TO USE THE TELEPHONE,"THE COOK, THE THIEF, HIS WIFE & HER LOVER",46
15698,MICHAEL LAW,Q3308009,MICHAEL BACON,PLAYING WITH FIRE,THE MAN NOBODY KNEW,39
15698,MICHAEL LAW,Q3308009,MICHAEL BACON,TYPING TECHNIQUE,THE MAN NOBODY KNEW,23
15698,MICHAEL LAW,Q3308009,MICHAEL BACON,HOW TO USE THE TELEPHONE,THE MAN NOBODY KNEW,33
15698,MICHAEL LAW,Q9455506,MICHAEL HUANG,PLAYING WITH FIRE,DESIRE,26
15698,MICHAEL LAW,Q9455506,MICHAEL HUANG,TYPING TECHNIQUE,DESIRE,27
15698,MICHAEL LAW,Q9455506,MICHAEL HUANG,HOW TO USE THE TELEPHONE,DESIRE,13
15698,MICHAEL LAW,Q2678022,MICHAEL DOLAN,PLAYING WITH FIRE,THE TURNING,36
15698,MICHAEL LAW,Q2678022,MICHAEL DOLAN,TYPING TECHNIQUE,THE TURNING,59
15698,MICHAEL LAW,Q2678022,MICHAEL DOLAN,HOW TO USE THE TELEPHONE,THE TURNING,34
15698,MICHAEL LAW,Q1328702,MICHAEL BROWN,PLAYING WITH FIRE,ABOVE THE LAW,47
15698,MICHAEL LAW,Q1328702,MICHAEL BROWN,TYPING TECHNIQUE,JAWS: THE REVENGE,31
15698,MICHAEL LAW,Q1328702,MICHAEL BROWN,HOW TO USE THE TELEPHONE,JAWS: THE REVENGE,50
15698,MICHAEL LAW,Q1320615,MICHAEL BEACH,PLAYING WITH FIRE,WHITE MAN'S BURDEN,51
15698,MICHAEL LAW,Q1320615,MICHAEL BEACH,TYPING TECHNIQUE,WAITING TO EXHALE,48
15698,MICHAEL LAW,Q1320615,MICHAEL BEACH,HOW TO USE THE TELEPHONE,STARGATE: THE ARK OF TRUTH,45
15698,MICHAEL LAW,Q15712142,MICHAEL FLYNN,PLAYING WITH FIRE,THE SURVIVORS,33
15698,MICHAEL LAW,Q15712142,MICHAEL FLYNN,TYPING TECHNIQUE,THE SURVIVORS,21
15698,MICHAEL LAW,Q15712142,MICHAEL FLYNN,HOW TO USE THE TELEPHONE,THE SURVIVORS,27
15698,MICHAEL LAW,Q6832749,MICHAEL MCLEAN,PLAYING WITH FIRE,TOGETHER FOREVER,42
15698,MICHAEL LAW,Q6832749,MICHAEL MCLEAN,TYPING TECHNIQUE,TOGETHER FOREVER,31
15698,MICHAEL LAW,Q6832749,MICHAEL MCLEAN,HOW TO USE THE TELEPHONE,TOGETHER FOREVER,35
15698,MICHAEL LAW,Q3310185,MICHEL LESSARD,PLAYING WITH FIRE,"ALFRED LALIBERTE, SCULPTEUR",42
15698,MICHAEL LAW,Q3310185,MICHEL LESSARD,TYPING TECHNIQUE,"ALFRED LALIBERTE, SCULPTEUR",24
15698,MICHAEL LAW,Q3310185,MICHEL LESSARD,HOW TO USE THE TELEPHONE,"ALFRED LALIBERTE, SCULPTEUR",24
15698,MICHAEL LAW,Q6828814,MICHAEL BRAY,PLAYING WITH FIRE,FOR QUEEN AND COUNTRY,21
15698,MICHAEL LAW,Q6828814,MICHAEL BRAY,TYPING TECHNIQUE,FOR QUEEN AND COUNTRY,27
15698,MICHAEL LAW,Q6828814,MICHAEL BRAY,HOW TO USE THE TELEPHONE,FOR QUEEN AND COUNTRY,22
15698,MICHAEL LAW,Q15937043,MICHEL GILL,PLAYING WITH FIRE,PAUL GAUGUIN: THE SAVAGE DREAM,43
15698,MICHAEL LAW,Q15937043,MICHEL GILL,TYPING TECHNIQUE,THE PALERMO CONNECTION,32
15698,MICHAEL LAW,Q15937043,MICHEL GILL,HOW TO USE THE TELEPHONE,THE PALERMO CONNECTION,39
15698,MICHAEL LAW,Q6832610,MICHAEL MAZO,PLAYING WITH FIRE,EMPIRE OF ASH III,35
15698,MICHAEL LAW,Q6832610,MICHAEL MAZO,TYPING TECHNIQUE,EMPIRE OF ASH III,30
15698,MICHAEL LAW,Q6832610,MICHAEL MAZO,HOW TO USE THE TELEPHONE,EMPIRE OF ASH III,39
15698,MICHAEL LAW,Q6829116,MICHAEL CARMAN,PLAYING WITH FIRE,DAY OF THE PANTHER,40
15698,MICHAEL LAW,Q6829116,MICHAEL CARMAN,TYPING TECHNIQUE,THE WANNABES,36
15698,MICHAEL LAW,Q6829116,MICHAEL CARMAN,HOW TO USE THE TELEPHONE,QUIGLEY DOWN UNDER,38
15698,MICHAEL LAW,Q104721465,MICHAEL FISCHA,PLAYING WITH FIRE,DEATH SPA,31
15698,MICHAEL LAW,Q104721465,MICHAEL FISCHA,TYPING TECHNIQUE,DEATH SPA,32
15698,MICHAEL LAW,Q104721465,MICHAEL FISCHA,HOW TO USE THE TELEPHONE,DELTA HEAT,35
15698,MICHAEL LAW,Q55145168,MICHAEL LOSCHE,PLAYING WITH FIRE,KOMM IN DEN GARTEN,34
15698,MICHAEL LAW,Q55145168,MICHAEL LOSCHE,TYPING TECHNIQUE,KOMM IN DEN GARTEN,35
15698,MICHAEL LAW,Q55145168,MICHAEL LOSCHE,HOW TO USE THE TELEPHONE,UND FREITAGS IN DIE GRUNE HOLLE,36
15698,MICHAEL LAW,Q84199,MICHAEL HANEKE,PLAYING WITH FIRE,DER SIEBENTE KONTINENT,36
15698,MICHAEL LAW,Q84199,MICHAEL HANEKE,TYPING TECHNIQUE,THE PIANO TEACHER,42
15698,MICHAEL LAW,Q84199,MICHAEL HANEKE,HOW TO USE THE TELEPHONE,THE WHITE RIBBON,45
15698,MICHAEL LAW,Q873297,MICHAEL KRAUSE,PLAYING WITH FIRE,DER TODESKING,33
15698,MICHAEL LAW,Q873297,MICHAEL KRAUSE,TYPING TECHNIQUE,DER TODESKING,41
15698,MICHAEL LAW,Q873297,MICHAEL KRAUSE,HOW TO USE THE TELEPHONE,DER TODESKING,27
15698,MICHAEL LAW,Q2262850,MICHAEL BACALL,PLAYING WITH FIRE,FREE WILLY,44
15698,MICHAEL LAW,Q2262850,MICHAEL BACALL,TYPING TECHNIQUE,PUMPKIN,35
15698,MICHAEL LAW,Q2262850,MICHAEL BACALL,HOW TO USE THE TELEPHONE,THIS BOY'S LIFE,36
15698,MICHAEL LAW,Q717498,MICHAEL LEHMANN,PLAYING WITH FIRE,MEET THE APPLEGATES,33
15698,MICHAEL LAW,Q717498,MICHAEL LEHMANN,TYPING TECHNIQUE,BECAUSE I SAID SO,36
15698,MICHAEL LAW,Q717498,MICHAEL LEHMANN,HOW TO USE THE TELEPHONE,THE TRUTH ABOUT CATS & DOGS,45
15698,MICHAEL LAW,Q3180255,JOEL MICHAELY,PLAYING WITH FIRE,SLIGHTLY SINGLE IN L.A.,46
15698,MICHAEL LAW,Q3180255,JOEL MICHAELY,TYPING TECHNIQUE,RUN HIDE FIGHT,40
15698,MICHAEL LAW,Q3180255,JOEL MICHAELY,HOW TO USE THE TELEPHONE,CELESTE AND JESSE FOREVER,41
15698,MICHAEL LAW,Q12036660,MICHAELA JILKOVA,PLAYING WITH FIRE,"VAZENI PRATELE, ANO",29
15698,MICHAEL LAW,Q12036660,MICHAELA JILKOVA,TYPING TECHNIQUE,"VAZENI PRATELE, ANO",24
15698,MICHAEL LAW,Q12036660,MICHAELA JILKOVA,HOW TO USE THE TELEPHONE,"VAZENI PRATELE, ANO",33
15698,MICHAEL LAW,Q11989253,MICHAEL CAROE,PLAYING WITH FIRE,KLOVN THE FINAL,50
15698,MICHAEL LAW,Q11989253,MICHAEL CAROE,TYPING TECHNIQUE,THE OLSEN GANG'S LAST TRICK,33
15698,MICHAEL LAW,Q11989253,MICHAEL CAROE,HOW TO USE THE TELEPHONE,KLOVN - THE MOVIE,41
15698,MICHAEL LAW,Q3309608,MICHEL FAU,PLAYING WITH FIRE,NEUF MOIS FERME,38
15698,MICHAEL LAW,Q3309608,MICHEL FAU,TYPING TECHNIQUE,NEUF MOIS FERME,32
15698,MICHAEL LAW,Q3309608,MICHEL FAU,HOW TO USE THE TELEPHONE,THE MOST ASSASSINATED WOMAN IN THE WORLD,38
15698,MICHAEL LAW,Q16239190,MICHAEL HALSEY,PLAYING WITH FIRE,THE LAST WITCH HUNTER,47
15698,MICHAEL LAW,Q16239190,MICHAEL HALSEY,TYPING TECHNIQUE,THE LAST WITCH HUNTER,22
15698,MICHAEL LAW,Q16239190,MICHAEL HALSEY,HOW TO USE THE TELEPHONE,THE LAST WITCH HUNTER,44
15698,MICHAEL LAW,Q6830288,MICHAEL FIELDS,PLAYING WITH FIRE,BRIGHT ANGEL,41
15698,MICHAEL LAW,Q6830288,MICHAEL FIELDS,TYPING TECHNIQUE,BRIGHT ANGEL,14
15698,MICHAEL LAW,Q6830288,MICHAEL FIELDS,HOW TO USE THE TELEPHONE,BRIGHT ANGEL,22
15698,MICHAEL LAW,Q3856132,MICHAEL CALLEN,PLAYING WITH FIRE,POSITIVE,24
15698,MICHAEL LAW,Q3856132,MICHAEL CALLEN,TYPING TECHNIQUE,ZERO PATIENCE,34
15698,MICHAEL LAW,Q3856132,MICHAEL CALLEN,HOW TO USE THE TELEPHONE,ZERO PATIENCE,38
15698,MICHAEL LAW,Q11882361,MICHAEL BARAN,PLAYING WITH FIRE,PORTTIKIELTO TAIVAASEEN,30
15698,MICHAEL LAW,Q11882361,MICHAEL BARAN,TYPING TECHNIQUE,PORTTIKIELTO TAIVAASEEN,31
15698,MICHAEL LAW,Q11882361,MICHAEL BARAN,HOW TO USE THE TELEPHONE,PORTTIKIELTO TAIVAASEEN,38
15698,MICHAEL LAW,Q16200087,MICHAEL LOWRY,PLAYING WITH FIRE,DIRTY DANCING,47
15698,MICHAEL LAW,Q16200087,MICHAEL LOWRY,TYPING TECHNIQUE,THE LONGEST RIDE,31
15698,MICHAEL LAW,Q16200087,MICHAEL LOWRY,HOW TO USE THE TELEPHONE,THE LONGEST RIDE,40
15698,MICHAEL LAW,Q4274853,JULIE MICHAELS,PLAYING WITH FIRE,POINT BREAK,50
15698,MICHAEL LAW,Q4274853,JULIE MICHAELS,TYPING TECHNIQUE,POINT BREAK,37
15698,MICHAEL LAW,Q4274853,JULIE MICHAELS,HOW TO USE THE TELEPHONE,POINT BREAK,11
15698,MICHAEL LAW,Q6829337,MICHAEL COHL,PLAYING WITH FIRE,SHINE A LIGHT,27
15698,MICHAEL LAW,Q6829337,MICHAEL COHL,TYPING TECHNIQUE,PHIL OCHS: THERE BUT FOR FORTUNE,30
15698,MICHAEL LAW,Q6829337,MICHAEL COHL,HOW TO USE THE TELEPHONE,STONES AT THE MAX,44
15698,MICHAEL LAW,Q3309147,MICHEL BENA,PLAYING WITH FIRE,THE SKY ABOVE PARIS,44
15698,MICHAEL LAW,Q3309147,MICHEL BENA,TYPING TECHNIQUE,THE SKY ABOVE PARIS,17
15698,MICHAEL LAW,Q3309147,MICHEL BENA,HOW TO USE THE TELEPHONE,THE SKY ABOVE PARIS,33
15698,MICHAEL LAW,Q22676760,MICHAEL LOMBARD,PLAYING WITH FIRE,MILLIONS,32
15698,MICHAEL LAW,Q22676760,MICHAEL LOMBARD,TYPING TECHNIQUE,THE DEVIL'S ADVOCATE,28
15698,MICHAEL LAW,Q22676760,MICHAEL LOMBARD,HOW TO USE THE TELEPHONE,THE DEVIL'S ADVOCATE,36
15698,MICHAEL LAW,Q526468,MICHAEL MASSEE,PLAYING WITH FIRE,PLAYING GOD,57
15698,MICHAEL LAW,Q526468,MICHAEL MASSEE,TYPING TECHNIQUE,PLAYING GOD,37
15698,MICHAEL LAW,Q526468,MICHAEL MASSEE,HOW TO USE THE TELEPHONE,THE WHITE RIVER KID,42
15698,MICHAEL LAW,Q1926836,MICHAEL ARNAL,PLAYING WITH FIRE,MANTA - DER FILM,39
15698,MICHAEL LAW,Q1926836,MICHAEL ARNAL,TYPING TECHNIQUE,MANTA - DER FILM,7
15698,MICHAEL LAW,Q1926836,MICHAEL ARNAL,HOW TO USE THE TELEPHONE,MANTA - DER FILM,11
15698,MICHAEL LAW,Q28874421,MICHAEL KRAUSE,PLAYING WITH FIRE,OSTKREUZ,16
15698,MICHAEL LAW,Q28874421,MICHAEL KRAUSE,TYPING TECHNIQUE,OSTKREUZ,25
15698,MICHAEL LAW,Q28874421,MICHAEL KRAUSE,HOW TO USE THE TELEPHONE,OSTKREUZ,25
15698,MICHAEL LAW,Q2326533,MICHAEL CULLEN,PLAYING WITH FIRE,DEAD MAN WALKING,36
15698,MICHAEL LAW,Q2326533,MICHAEL CULLEN,TYPING TECHNIQUE,THE YOUNG AMERICANS,40
15698,MICHAEL LAW,Q2326533,MICHAEL CULLEN,HOW TO USE THE TELEPHONE,THE YOUNG AMERICANS,42
15698,MICHAEL LAW,Q41421,MICHAEL JORDAN,PLAYING WITH FIRE,HE GOT GAME,36
15698,MICHAEL LAW,Q41421,MICHAEL JORDAN,TYPING TECHNIQUE,SPACE JAM: A NEW LEGACY,32
15698,MICHAEL LAW,Q41421,MICHAEL JORDAN,HOW TO USE THE TELEPHONE,MICHAEL JORDAN TO THE MAX,41
15698,MICHAEL LAW,Q6828215,MICHAEL ANGELI,PLAYING WITH FIRE,THE ADVENTURES OF GALGAMETH,32
15698,MICHAEL LAW,Q6828215,MICHAEL ANGELI,TYPING TECHNIQUE,SKETCH ARTIST,28
15698,MICHAEL LAW,Q6828215,MICHAEL ANGELI,HOW TO USE THE TELEPHONE,SKETCH ARTIST II: HANDS THAT SEE,29
15698,MICHAEL LAW,Q6829578,MICHAEL CULKIN,PLAYING WITH FIRE,THE IRON LADY,60
15698,MICHAEL LAW,Q6829578,MICHAEL CULKIN,TYPING TECHNIQUE,NIGHTWATCHING,41
15698,MICHAEL LAW,Q6829578,MICHAEL CULKIN,HOW TO USE THE TELEPHONE,CANDYMAN: FAREWELL TO THE FLESH,44
15698,MICHAEL LAW,Q21934625,MICHELE MELEGA,PLAYING WITH FIRE,THE BEST OF YOUTH,35
15698,MICHAEL LAW,Q21934625,MICHELE MELEGA,TYPING TECHNIQUE,L'ATLANTIDE,37
15698,MICHAEL LAW,Q21934625,MICHELE MELEGA,HOW TO USE THE TELEPHONE,THE BEST OF YOUTH,34
15698,MICHAEL LAW,Q1112485,MICHAEL ALTMANN,PLAYING WITH FIRE,NIE WIEDER SCHLAFEN,50
15698,MICHAEL LAW,Q1112485,MICHAEL ALTMANN,TYPING TECHNIQUE,SLEEPING SONGS,40
15698,MICHAEL LAW,Q1112485,MICHAEL ALTMANN,HOW TO USE THE TELEPHONE,NIE WIEDER SCHLAFEN,33
15698,MICHAEL LAW,Q1928201,MICHAEL KLAUS,PLAYING WITH FIRE,"WASCHEN, SCHNEIDEN, LEGEN",30
15698,MICHAEL LAW,Q1928201,MICHAEL KLAUS,TYPING TECHNIQUE,"WASCHEN, SCHNEIDEN, LEGEN",41
15698,MICHAEL LAW,Q1928201,MICHAEL KLAUS,HOW TO USE THE TELEPHONE,"WASCHEN, SCHNEIDEN, LEGEN",34
15698,MICHAEL LAW,Q1658604,MICHAEL FRANCE,PLAYING WITH FIRE,THE PUNISHER,34
15698,MICHAEL LAW,Q1658604,MICHAEL FRANCE,TYPING TECHNIQUE,THE PUNISHER,36
15698,MICHAEL LAW,Q1658604,MICHAEL FRANCE,HOW TO USE THE TELEPHONE,THE PUNISHER,33
15698,MICHAEL LAW,Q6832210,MICHAEL LESSAC,PLAYING WITH FIRE,HOUSE OF CARDS,19
15698,MICHAEL LAW,Q6832210,MICHAEL LESSAC,TYPING TECHNIQUE,HOUSE OF CARDS,33
15698,MICHAEL LAW,Q6832210,MICHAEL LESSAC,HOW TO USE THE TELEPHONE,HOUSE OF CARDS,26
15698,MICHAEL LAW,Q465828,MICHAEL LANDES,PLAYING WITH FIRE,MY GIRLFRIEND'S BOYFRIEND,33
15698,MICHAEL LAW,Q465828,MICHAEL LANDES,TYPING TECHNIQUE,LAST CHANCE HARVEY,35
15698,MICHAEL LAW,Q465828,MICHAEL LANDES,HOW TO USE THE TELEPHONE,WHEN THE PARTY'S OVER,40
15698,MICHAEL LAW,Q60736840,MICHAEL ELIAS,PLAYING WITH FIRE,LUSH LIFE,38
15698,MICHAEL LAW,Q60736840,MICHAEL ELIAS,TYPING TECHNIQUE,LUSH LIFE,24
15698,MICHAEL LAW,Q60736840,MICHAEL ELIAS,HOW TO USE THE TELEPHONE,LUSH LIFE,30
15698,MICHAEL LAW,Q26858737,MICHAEL MCFALL,PLAYING WITH FIRE,FORREST GUMP,34
15698,MICHAEL LAW,Q26858737,MICHAEL MCFALL,TYPING TECHNIQUE,FORREST GUMP,21
15698,MICHAEL LAW,Q26858737,MICHAEL MCFALL,HOW TO USE THE TELEPHONE,FORREST GUMP,17
15698,MICHAEL LAW,Q26858619,MICHAEL FLANNERY,PLAYING WITH FIRE,FORREST GUMP,34
15698,MICHAEL LAW,Q26858619,MICHAEL FLANNERY,TYPING TECHNIQUE,FORREST GUMP,21
15698,MICHAEL LAW,Q26858619,MICHAEL FLANNERY,HOW TO USE THE TELEPHONE,FORREST GUMP,17
15698,MICHAEL LAW,Q950104,MICHAEL JACE,PLAYING WITH FIRE,THE REPLACEMENTS,55
15698,MICHAEL LAW,Q950104,MICHAEL JACE,TYPING TECHNIQUE,THE GREAT WHITE HYPE,33
15698,MICHAEL LAW,Q950104,MICHAEL JACE,HOW TO USE THE TELEPHONE,THE GREAT WHITE HYPE,45
15698,MICHAEL LAW,Q3308269,MICHAEL JACOBS,PLAYING WITH FIRE,AUDIENCE OF ONE,25
15698,MICHAEL LAW,Q3308269,MICHAEL JACOBS,TYPING TECHNIQUE,AUDIENCE OF ONE,32
15698,MICHAEL LAW,Q3308269,MICHAEL JACOBS,HOW TO USE THE TELEPHONE,AUDIENCE OF ONE,26
15698,MICHAEL LAW,Q3310238,MICHEL LEVIANT,PLAYING WITH FIRE,REVENGE OF THE MUSKETEERS,38
15698,MICHAEL LAW,Q3310238,MICHEL LEVIANT,TYPING TECHNIQUE,REVENGE OF THE MUSKETEERS,29
15698,MICHAEL LAW,Q3310238,MICHEL LEVIANT,HOW TO USE THE TELEPHONE,REVENGE OF THE MUSKETEERS,41
15698,MICHAEL LAW,Q457124,MICHAEL DAVIS,PLAYING WITH FIRE,EIGHT DAYS A WEEK,41
15698,MICHAEL LAW,Q457124,MICHAEL DAVIS,TYPING TECHNIQUE,DOUBLE DRAGON,28
15698,MICHAEL LAW,Q457124,MICHAEL DAVIS,HOW TO USE THE TELEPHONE,SHOOT 'EM UP,29
15698,MICHAEL LAW,Q3309427,MICHEL DELGADO,PLAYING WITH FIRE,THE CORSICAN FILE,35
15698,MICHAEL LAW,Q3309427,MICHEL DELGADO,TYPING TECHNIQUE,BOUQUET FINAL,41
15698,MICHAEL LAW,Q3309427,MICHEL DELGADO,HOW TO USE THE TELEPHONE,THE CORSICAN FILE,39
15698,MICHAEL LAW,Q947551,MICHAEL CALOZ,PLAYING WITH FIRE,RELATIVE FEAR,40
15698,MICHAEL LAW,Q947551,MICHAEL CALOZ,TYPING TECHNIQUE,SCREAMERS,16
15698,MICHAEL LAW,Q947551,MICHAEL CALOZ,HOW TO USE THE TELEPHONE,RELATIVE FEAR,22
15698,MICHAEL LAW,Q6829397,MICHAEL COLYAR,PLAYING WITH FIRE,HOUSE PARTY 3,33
15698,MICHAEL LAW,Q6829397,MICHAEL COLYAR,TYPING TECHNIQUE,HOUSE PARTY 3,41
15698,MICHAEL LAW,Q6829397,MICHAEL COLYAR,HOW TO USE THE TELEPHONE,HOUSE PARTY 3,27
15698,MICHAEL LAW,Q59259,MICHAEL BAY,PLAYING WITH FIRE,THE FOREVER PURGE,53
15698,MICHAEL LAW,Q59259,MICHAEL BAY,TYPING TECHNIQUE,THE HITCHER,44
15698,MICHAEL LAW,Q59259,MICHAEL BAY,HOW TO USE THE TELEPHONE,THE PURGE: ELECTION YEAR,51
15698,MICHAEL LAW,Q17461807,MICHAEL BANKS,PLAYING WITH FIRE,NEMESIS 2: NEBULA,24
15698,MICHAEL LAW,Q17461807,MICHAEL BANKS,TYPING TECHNIQUE,NEMESIS 2: NEBULA,19
15698,MICHAEL LAW,Q17461807,MICHAEL BANKS,HOW TO USE THE TELEPHONE,NEMESIS 2: NEBULA,30
15698,MICHAEL LAW,Q16208196,MICHAEL GALEOTA,PLAYING WITH FIRE,CAN'T BE HEAVEN,38
15698,MICHAEL LAW,Q16208196,MICHAEL GALEOTA,TYPING TECHNIQUE,CAN'T BE HEAVEN,19
15698,MICHAEL LAW,Q16208196,MICHAEL GALEOTA,HOW TO USE THE TELEPHONE,BUSHWHACKED,17
15698,MICHAEL LAW,Q16237675,MICHAEL LAM,PLAYING WITH FIRE,BUGIS STREET,28
15698,MICHAEL LAW,Q16237675,MICHAEL LAM,TYPING TECHNIQUE,BUGIS STREET,29
15698,MICHAEL LAW,Q16237675,MICHAEL LAM,HOW TO USE THE TELEPHONE,BUGIS STREET,28
15698,MICHAEL LAW,Q6831016,MICHAEL HAYDEN,PLAYING WITH FIRE,IN THE NAME OF LOVE: A TEXAS TRAGEDY,27
15698,MICHAEL LAW,Q6831016,MICHAEL HAYDEN,TYPING TECHNIQUE,IN THE NAME OF LOVE: A TEXAS TRAGEDY,27
15698,MICHAEL LAW,Q6831016,MICHAEL HAYDEN,HOW TO USE THE TELEPHONE,IN THE NAME OF LOVE: A TEXAS TRAGEDY,37
15698,MICHAEL LAW,Q6832104,MICHAEL LARSEN,PLAYING WITH FIRE,VIKAREN,33
15698,MICHAEL LAW,Q6832104,MICHAEL LARSEN,TYPING TECHNIQUE,THE SUBSTITUTE,40
15698,MICHAEL LAW,Q6832104,MICHAEL LARSEN,HOW TO USE THE TELEPHONE,THE SUBSTITUTE,32
15698,MICHAEL LAW,Q90300,MICHAEL GLAWOGGER,PLAYING WITH FIRE,CONTACT HIGH (FILM),35
15698,MICHAEL LAW,Q90300,MICHAEL GLAWOGGER,TYPING TECHNIQUE,NACKTSCHNECKEN,40
15698,MICHAEL LAW,Q90300,MICHAEL GLAWOGGER,HOW TO USE THE TELEPHONE,THE WHORE'S SON,51
15698,MICHAEL LAW,Q6828691,MICHAEL BLAKEY,PLAYING WITH FIRE,BEAVIS AND BUTT-HEAD DO AMERICA,17
15698,MICHAEL LAW,Q6828691,MICHAEL BLAKEY,TYPING TECHNIQUE,LE CONCERT,15
15698,MICHAEL LAW,Q6828691,MICHAEL BLAKEY,HOW TO USE THE TELEPHONE,LE CONCERT,24
15698,MICHAEL LAW,Q4707343,ALAN MITCHELL,PLAYING WITH FIRE,TWELFTH NIGHT: OR WHAT YOU WILL,26
15698,MICHAEL LAW,Q4707343,ALAN MITCHELL,TYPING TECHNIQUE,TWELFTH NIGHT,28
15698,MICHAEL LAW,Q4707343,ALAN MITCHELL,HOW TO USE THE TELEPHONE,TWELFTH NIGHT: OR WHAT YOU WILL,44
15698,MICHAEL LAW,Q6829233,MICHAEL CHIANG,PLAYING WITH FIRE,ARMY DAZE,15
15698,MICHAEL LAW,Q6829233,MICHAEL CHIANG,TYPING TECHNIQUE,ARMY DAZE,8
15698,MICHAEL LAW,Q6829233,MICHAEL CHIANG,HOW TO USE THE TELEPHONE,ARMY DAZE,12
15698,MICHAEL LAW,Q6832594,MICHAEL MAURO,PLAYING WITH FIRE,CLOSE UP,24
15698,MICHAEL LAW,Q6832594,MICHAEL MAURO,TYPING TECHNIQUE,CLOSE UP,33
15698,MICHAEL LAW,Q6832594,MICHAEL MAURO,HOW TO USE THE TELEPHONE,CLOSE UP,25
15698,MICHAEL LAW,Q3736176,MICHAEL COLLEARY,PLAYING WITH FIRE,DARKMAN III: DIE DARKMAN DIE,27
15698,MICHAEL LAW,Q3736176,MICHAEL COLLEARY,TYPING TECHNIQUE,FACE/OFF,25
15698,MICHAEL LAW,Q3736176,MICHAEL COLLEARY,HOW TO USE THE TELEPHONE,DARKMAN III: DIE DARKMAN DIE,24
15698,MICHAEL LAW,Q3013556,DANI MICHAELI,PLAYING WITH FIRE,ALL IN THE BUNKER,41
15698,MICHAEL LAW,Q3013556,DANI MICHAELI,TYPING TECHNIQUE,FUGITIVE RAGE,34
15698,MICHAEL LAW,Q3013556,DANI MICHAELI,HOW TO USE THE TELEPHONE,ALL IN THE BUNKER,34
15698,MICHAEL LAW,Q12326886,MICHAEL BALLAM,PLAYING WITH FIRE,CLUBHOUSE DETECTIVES,16
15698,MICHAEL LAW,Q12326886,MICHAEL BALLAM,TYPING TECHNIQUE,CLUBHOUSE DETECTIVES,28
15698,MICHAEL LAW,Q12326886,MICHAEL BALLAM,HOW TO USE THE TELEPHONE,CLUBHOUSE DETECTIVES,23
15698,MICHAEL LAW,Q14918002,MICHAEL HARNEY,PLAYING WITH FIRE,ERIN BROCKOVICH,25
15698,MICHAEL LAW,Q14918002,MICHAEL HARNEY,TYPING TECHNIQUE,ERIN BROCKOVICH,32
15698,MICHAEL LAW,Q14918002,MICHAEL HARNEY,HOW TO USE THE TELEPHONE,OCEAN'S THIRTEEN,35
15698,MICHAEL LAW,Q6832504,MICHAEL MANUEL,PLAYING WITH FIRE,VOLCANO,25
15698,MICHAEL LAW,Q6832504,MICHAEL MANUEL,TYPING TECHNIQUE,VOLCANO,17
15698,MICHAEL LAW,Q6832504,MICHAEL MANUEL,HOW TO USE THE TELEPHONE,VOLCANO,19
15698,MICHAEL LAW,Q102250888,MICHAEL LANAHAN,PLAYING WITH FIRE,PERFECT TARGET,26
15698,MICHAEL LAW,Q102250888,MICHAEL LANAHAN,TYPING TECHNIQUE,PERFECT TARGET,33
15698,MICHAEL LAW,Q102250888,MICHAEL LANAHAN,HOW TO USE THE TELEPHONE,PERFECT TARGET,21
15698,MICHAEL LAW,Q312514,MICHAEL BOLTON,PLAYING WITH FIRE,POPSTAR: NEVER STOP NEVER STOPPING,32
15698,MICHAEL LAW,Q312514,MICHAEL BOLTON,TYPING TECHNIQUE,POPSTAR: NEVER STOP NEVER STOPPING,29
15698,MICHAEL LAW,Q312514,MICHAEL BOLTON,HOW TO USE THE TELEPHONE,THE OTHER SIDE OF THE TRACKS,42
15698,MICHAEL LAW,Q108214374,MICHAL LANG,PLAYING WITH FIRE,VYCHOVA DIVEK V CECHACH,20
15698,MICHAEL LAW,Q108214374,MICHAL LANG,TYPING TECHNIQUE,VYCHOVA DIVEK V CECHACH,36
15698,MICHAEL LAW,Q108214374,MICHAL LANG,HOW TO USE THE TELEPHONE,VYCHOVA DIVEK V CECHACH,9
15698,MICHAEL LAW,Q1927112,MICHAEL BUTOW,PLAYING WITH FIRE,SIEBEN MONDE,28
15698,MICHAEL LAW,Q1927112,MICHAEL BUTOW,TYPING TECHNIQUE,NIGHT TIME,38
15698,MICHAEL LAW,Q1927112,MICHAEL BUTOW,HOW TO USE THE TELEPHONE,SIEBEN MONDE,33
15698,MICHAEL LAW,Q1928796,MICHAEL O'HARA,PLAYING WITH FIRE,ONE HOT SUMMER NIGHT,16
15698,MICHAEL LAW,Q1928796,MICHAEL O'HARA,TYPING TECHNIQUE,ONE HOT SUMMER NIGHT,28
15698,MICHAEL LAW,Q1928796,MICHAEL O'HARA,HOW TO USE THE TELEPHONE,ONE HOT SUMMER NIGHT,41
15698,MICHAEL LAW,Q719556,MICHAEL KELLY,PLAYING WITH FIRE,THE PINK PANTHER 2,46
15698,MICHAEL LAW,Q719556,MICHAEL KELLY,TYPING TECHNIQUE,CHANGELING,54
15698,MICHAEL LAW,Q719556,MICHAEL KELLY,HOW TO USE THE TELEPHONE,OUTSIDE THE WIRE,45
15698,MICHAEL LAW,Q934543,MICHAEL BALL,PLAYING WITH FIRE,LES MISERABLES: THE DREAM CAST IN CONCERT,32
15698,MICHAEL LAW,Q934543,MICHAEL BALL,TYPING TECHNIQUE,LES MISERABLES: THE DREAM CAST IN CONCERT,25
15698,MICHAEL LAW,Q934543,MICHAEL BALL,HOW TO USE THE TELEPHONE,LES MISERABLES: THE DREAM CAST IN CONCERT,31
15698,MICHAEL LAW,Q106375201,MICHAEL MARTIN,PLAYING WITH FIRE,THA EASTSIDAZ,27
15698,MICHAEL LAW,Q106375201,MICHAEL MARTIN,TYPING TECHNIQUE,I GOT THE HOOK UP,36
15698,MICHAEL LAW,Q106375201,MICHAEL MARTIN,HOW TO USE THE TELEPHONE,I GOT THE HOOK UP,44
15698,MICHAEL LAW,Q23805924,MICHAEL LOEKEN,PLAYING WITH FIRE,UND VOR MIR DIE STERNE ...,31
15698,MICHAEL LAW,Q23805924,MICHAEL LOEKEN,TYPING TECHNIQUE,UND VOR MIR DIE STERNE ...,32
15698,MICHAEL LAW,Q23805924,MICHAEL LOEKEN,HOW TO USE THE TELEPHONE,UND VOR MIR DIE STERNE ...,35
15698,MICHAEL LAW,Q6832171,MICHAEL LEGGE,PLAYING WITH FIRE,ANGELA'S ASHES,32
15698,MICHAEL LAW,Q6832171,MICHAEL LEGGE,TYPING TECHNIQUE,ANGELA'S ASHES,13
15698,MICHAEL LAW,Q6832171,MICHAEL LEGGE,HOW TO USE THE TELEPHONE,WHATEVER HAPPENED TO HAROLD SMITH?,42
15698,MICHAEL LAW,Q1476230,MICHAEL LANTIERI,PLAYING WITH FIRE,KOMODO,0
15698,MICHAEL LAW,Q1476230,MICHAEL LANTIERI,TYPING TECHNIQUE,KOMODO,0
15698,MICHAEL LAW,Q1476230,MICHAEL LANTIERI,HOW TO USE THE TELEPHONE,KOMODO,20
15698,MICHAEL LAW,Q16727831,MICHAEL CARLIN,PLAYING WITH FIRE,ENOLA HOLMES,34
15698,MICHAEL LAW,Q16727831,MICHAEL CARLIN,TYPING TECHNIQUE,THE WAR ZONE,36
15698,MICHAEL LAW,Q16727831,MICHAEL CARLIN,HOW TO USE THE TELEPHONE,THE WAR ZONE,33
15698,MICHAEL LAW,Q3308602,MICHAELA GALLO,PLAYING WITH FIRE,THE LIMEY,38
15698,MICHAEL LAW,Q3308602,MICHAELA GALLO,TYPING TECHNIQUE,BEETHOVEN'S 4TH,32
15698,MICHAEL LAW,Q3308602,MICHAELA GALLO,HOW TO USE THE TELEPHONE,DR. SEUSS' HOW THE GRINCH STOLE CHRISTMAS,35
15698,MICHAEL LAW,Q98047355,MICHAELA BELIKOVA,PLAYING WITH FIRE,RETURN OF THE IDIOT,33
15698,MICHAEL LAW,Q98047355,MICHAELA BELIKOVA,TYPING TECHNIQUE,RETURN OF THE IDIOT,29
15698,MICHAEL LAW,Q98047355,MICHAELA BELIKOVA,HOW TO USE THE TELEPHONE,RETURN OF THE IDIOT,37
15698,MICHAEL LAW,Q1677945,MICHAEL IAN BLACK,PLAYING WITH FIRE,WEDDING DAZE,34
15698,MICHAEL LAW,Q1677945,MICHAEL IAN BLACK,TYPING TECHNIQUE,THE TEN,43
15698,MICHAEL LAW,Q1677945,MICHAEL IAN BLACK,HOW TO USE THE TELEPHONE,THE TEN,45
15698,MICHAEL LAW,Q5441720,FELICIA MICHAELS,PLAYING WITH FIRE,LOS ENCHILADAS!,26
15698,MICHAEL LAW,Q5441720,FELICIA MICHAELS,TYPING TECHNIQUE,LOS ENCHILADAS!,33
15698,MICHAEL LAW,Q5441720,FELICIA MICHAELS,HOW TO USE THE TELEPHONE,LOS ENCHILADAS!,16
15698,MICHAEL LAW,Q6835762,MICHAL JAGELKA,PLAYING WITH FIRE,Z PEKLA STESTI,32
15698,MICHAEL LAW,Q6835762,MICHAL JAGELKA,TYPING TECHNIQUE,Z PEKLA STESTI,27
15698,MICHAEL LAW,Q6835762,MICHAL JAGELKA,HOW TO USE THE TELEPHONE,HELLUVA GOOD LUCK,24
15698,MICHAEL LAW,Q57303622,MICHAL KOLLAR,PLAYING WITH FIRE,THE HOUSE,31
15698,MICHAEL LAW,Q57303622,MICHAL KOLLAR,TYPING TECHNIQUE,THE HOUSE,40
15698,MICHAEL LAW,Q57303622,MICHAL KOLLAR,HOW TO USE THE TELEPHONE,THE HOUSE,42
15698,MICHAEL LAW,Q6830333,MICHAEL FLESSAS,PLAYING WITH FIRE,DANCER IN THE DARK,46
15698,MICHAEL LAW,Q6830333,MICHAEL FLESSAS,TYPING TECHNIQUE,DANCER IN THE DARK,24
15698,MICHAEL LAW,Q6830333,MICHAEL FLESSAS,HOW TO USE THE TELEPHONE,DANCER IN THE DARK,29
15698,MICHAEL LAW,Q25599009,MICHAEL FLYNN,PLAYING WITH FIRE,REMEMBER THE TITANS,33
15698,MICHAEL LAW,Q25599009,MICHAEL FLYNN,TYPING TECHNIQUE,REMEMBER THE TITANS,40
15698,MICHAEL LAW,Q25599009,MICHAEL FLYNN,HOW TO USE THE TELEPHONE,REMEMBER THE TITANS,47
15698,MICHAEL LAW,Q153694,MICHAEL BUBLE,PLAYING WITH FIRE,THE SNOW WALKER,19
15698,MICHAEL LAW,Q153694,MICHAEL BUBLE,TYPING TECHNIQUE,DUETS,29
15698,MICHAEL LAW,Q153694,MICHAEL BUBLE,HOW TO USE THE TELEPHONE,THE SNOW WALKER,41
15698,MICHAEL LAW,Q313466,MICHAEL CHABON,PLAYING WITH FIRE,THE MYSTERIES OF PITTSBURGH,27
15698,MICHAEL LAW,Q313466,MICHAEL CHABON,TYPING TECHNIQUE,THE MYSTERIES OF PITTSBURGH,23
15698,MICHAEL LAW,Q313466,MICHAEL CHABON,HOW TO USE THE TELEPHONE,THE MYSTERIES OF PITTSBURGH,35
15698,MICHAEL LAW,Q555542,MICHAEL GALASSO,PLAYING WITH FIRE,WAITING FOR THE CLOUDS,41
15698,MICHAEL LAW,Q555542,MICHAEL GALASSO,TYPING TECHNIQUE,HUA YANG NIAN HUA ,42
15698,MICHAEL LAW,Q555542,MICHAEL GALASSO,HOW TO USE THE TELEPHONE,WAITING FOR THE CLOUDS,39
15698,MICHAEL LAW,Q1928104,MICHAEL KAREN,PLAYING WITH FIRE,FLASHBACK - MORDERISCHE FERIEN,36
15698,MICHAEL LAW,Q1928104,MICHAEL KAREN,TYPING TECHNIQUE,ERKAN & STEFAN IN DER TOD KOMMT KRASS,20
15698,MICHAEL LAW,Q1928104,MICHAEL KAREN,HOW TO USE THE TELEPHONE,ERKAN & STEFAN IN DER TOD KOMMT KRASS,27
15698,MICHAEL LAW,Q309555,MICHAEL CERA,PLAYING WITH FIRE,YOUTH IN REVOLT,44
15698,MICHAEL LAW,Q309555,MICHAEL CERA,TYPING TECHNIQUE,FREQUENCY,40
15698,MICHAEL LAW,Q309555,MICHAEL CERA,HOW TO USE THE TELEPHONE,THIS IS THE END,41
15698,MICHAEL LAW,Q6831951,MICHAEL KOPSA,PLAYING WITH FIRE,CHAIN OF FOOLS,26
15698,MICHAEL LAW,Q6831951,MICHAEL KOPSA,TYPING TECHNIQUE,TRANSPARENCY,29
15698,MICHAEL LAW,Q6831951,MICHAEL KOPSA,HOW TO USE THE TELEPHONE,CHAIN OF FOOLS,21
15698,MICHAEL LAW,Q100456516,MICHAEL ALBALA,PLAYING WITH FIRE,LYING IN WAIT,73
15698,MICHAEL LAW,Q100456516,MICHAEL ALBALA,TYPING TECHNIQUE,LYING IN WAIT,41
15698,MICHAEL LAW,Q100456516,MICHAEL ALBALA,HOW TO USE THE TELEPHONE,LYING IN WAIT,11
15698,MICHAEL LAW,Q60330650,MICHAL LANSKY,PLAYING WITH FIRE,FILTHY,43
15698,MICHAEL LAW,Q60330650,MICHAL LANSKY,TYPING TECHNIQUE,ONE HAND CAN'T CLAP,34
15698,MICHAEL LAW,Q60330650,MICHAL LANSKY,HOW TO USE THE TELEPHONE,THE NOONDAY WITCH,44
15698,MICHAEL LAW,Q2890468,MICHAEL ELLIS,PLAYING WITH FIRE,HOTEL SPLENDIDE,31
15698,MICHAEL LAW,Q2890468,MICHAEL ELLIS,TYPING TECHNIQUE,HOTEL SPLENDIDE,32
15698,MICHAEL LAW,Q2890468,MICHAEL ELLIS,HOW TO USE THE TELEPHONE,HOTEL SPLENDIDE,41
15698,MICHAEL LAW,Q6828122,MICHAEL ADDIS,PLAYING WITH FIRE,POOR WHITE TRASH,42
15698,MICHAEL LAW,Q6828122,MICHAEL ADDIS,TYPING TECHNIQUE,HECKLER,26
15698,MICHAEL LAW,Q6828122,MICHAEL ADDIS,HOW TO USE THE TELEPHONE,HECKLER,26
15698,MICHAEL LAW,Q60560967,ELLYN MICHAELS,PLAYING WITH FIRE,PRIVATE LIES,41
15698,MICHAEL LAW,Q60560967,ELLYN MICHAELS,TYPING TECHNIQUE,PRIVATE LIES,14
15698,MICHAEL LAW,Q60560967,ELLYN MICHAELS,HOW TO USE THE TELEPHONE,PRIVATE LIES,17
15698,MICHAEL LAW,Q108281684,MICHAELA MERKLOVA,PLAYING WITH FIRE,DUHOVA PANNA,28
15698,MICHAEL LAW,Q108281684,MICHAELA MERKLOVA,TYPING TECHNIQUE,DUHOVA PANNA,21
15698,MICHAEL LAW,Q108281684,MICHAELA MERKLOVA,HOW TO USE THE TELEPHONE,DUHOVA PANNA,28
15698,MICHAEL LAW,Q1926789,MICHAEL ALTHEN,PLAYING WITH FIRE,AUGE IN AUGE,34
15698,MICHAEL LAW,Q1926789,MICHAEL ALTHEN,TYPING TECHNIQUE,AUGE IN AUGE,36
15698,MICHAEL LAW,Q1926789,MICHAEL ALTHEN,HOW TO USE THE TELEPHONE,THEN IS IT THE END?,43
15698,MICHAEL LAW,Q6832375,MICHAEL LYNNE,PLAYING WITH FIRE,THE LORD OF THE RINGS: THE FELLOWSHIP OF THE RING,34
15698,MICHAEL LAW,Q6832375,MICHAEL LYNNE,TYPING TECHNIQUE,WHO THE #$&% IS JACKSON POLLOCK?,19
15698,MICHAEL LAW,Q6832375,MICHAEL LYNNE,HOW TO USE THE TELEPHONE,THE LORD OF THE RINGS: THE FELLOWSHIP OF THE RING,39
15698,MICHAEL LAW,Q1538925,MICHAEL ANDREWS,PLAYING WITH FIRE,THE KING OF STATEN ISLAND,43
15698,MICHAEL LAW,Q1538925,MICHAEL ANDREWS,TYPING TECHNIQUE,NOTHING,43
15698,MICHAEL LAW,Q1538925,MICHAEL ANDREWS,HOW TO USE THE TELEPHONE,THE TV SET,41
15698,MICHAEL LAW,Q20171183,MICHAEL BERTL,PLAYING WITH FIRE,BELLA MARTHA,41
15698,MICHAEL LAW,Q20171183,MICHAEL BERTL,TYPING TECHNIQUE,MOSTLY MARTHA,34
15698,MICHAEL LAW,Q20171183,MICHAEL BERTL,HOW TO USE THE TELEPHONE,UBER DEN TOD HINAUS,37
15698,MICHAEL LAW,Q57983603,MICHAEL ECKELT,PLAYING WITH FIRE,THE SYRIAN BRIDE,48
15698,MICHAEL LAW,Q57983603,MICHAEL ECKELT,TYPING TECHNIQUE,BONNIE & BONNIE,34
15698,MICHAEL LAW,Q57983603,MICHAEL ECKELT,HOW TO USE THE TELEPHONE,AN ENEMY TO DIE FOR,42
15698,MICHAEL LAW,Q3856216,MICHAEL MARTIN,PLAYING WITH FIRE,SNOOP DOGG'S DOGGYSTYLE,15
15698,MICHAEL LAW,Q3856216,MICHAEL MARTIN,TYPING TECHNIQUE,SNOOP DOGG'S DOGGYSTYLE,21
15698,MICHAEL LAW,Q3856216,MICHAEL MARTIN,HOW TO USE THE TELEPHONE,SNOOP DOGG'S DOGGYSTYLE,26
15698,MICHAEL LAW,Q6832578,MICHAEL MASTRO,PLAYING WITH FIRE,KISSING JESSICA STEIN,37
15698,MICHAEL LAW,Q6832578,MICHAEL MASTRO,TYPING TECHNIQUE,KISSING JESSICA STEIN,32
15698,MICHAEL LAW,Q6832578,MICHAEL MASTRO,HOW TO USE THE TELEPHONE,KISSING JESSICA STEIN,18
15698,MICHAEL LAW,Q720615,MICHAEL CUESTA,PLAYING WITH FIRE,KILL THE MESSENGER,40
15698,MICHAEL LAW,Q720615,MICHAEL CUESTA,TYPING TECHNIQUE,AMERICAN ASSASSIN,36
15698,MICHAEL LAW,Q720615,MICHAEL CUESTA,HOW TO USE THE TELEPHONE,KILL THE MESSENGER,43
15698,MICHAEL LAW,Q6829502,MICHAEL COWAN,PLAYING WITH FIRE,PLOTS WITH A VIEW,53
15698,MICHAEL LAW,Q6829502,MICHAEL COWAN,TYPING TECHNIQUE,MR IN-BETWEEN,41
15698,MICHAEL LAW,Q6829502,MICHAEL COWAN,HOW TO USE THE TELEPHONE,THE MERCHANT OF VENICE,35
15698,MICHAEL LAW,Q514092,MICHAEL EKLUND,PLAYING WITH FIRE,INTO THE FOREST,56
15698,MICHAEL LAW,Q514092,MICHAEL EKLUND,TYPING TECHNIQUE,HOUSE OF THE DEAD,36
15698,MICHAEL LAW,Q514092,MICHAEL EKLUND,HOW TO USE THE TELEPHONE,SEE NO EVIL 2,43
15698,MICHAEL LAW,Q281951,MICHAEL HYATT,PLAYING WITH FIRE,THE GOOD GIRL,47
15698,MICHAEL LAW,Q281951,MICHAEL HYATT,TYPING TECHNIQUE,ACTS OF WORSHIP,26
15698,MICHAEL LAW,Q281951,MICHAEL HYATT,HOW TO USE THE TELEPHONE,HELLO LADIES: THE MOVIE,43
15698,MICHAEL LAW,Q24298143,MICHAEL GILIO,PLAYING WITH FIRE,KWIK STOP,23
15698,MICHAEL LAW,Q24298143,MICHAEL GILIO,TYPING TECHNIQUE,KWIK STOP,16
15698,MICHAEL LAW,Q24298143,MICHAEL GILIO,HOW TO USE THE TELEPHONE,KWIK STOP,24
15698,MICHAEL LAW,Q6832300,MICHAEL LONDON,PLAYING WITH FIRE,WIN WIN,42
15698,MICHAEL LAW,Q6832300,MICHAEL LONDON,TYPING TECHNIQUE,THE VISITOR,37
15698,MICHAEL LAW,Q6832300,MICHAEL LONDON,HOW TO USE THE TELEPHONE,THE FAMILY STONE,45
15698,MICHAEL LAW,Q6420832,MICHAEL GLADIS,PLAYING WITH FIRE,NOT SAFE FOR WORK,29
15698,MICHAEL LAW,Q6420832,MICHAEL GLADIS,TYPING TECHNIQUE,K-19: THE WIDOWMAKER,29
15698,MICHAEL LAW,Q6420832,MICHAEL GLADIS,HOW TO USE THE TELEPHONE,K-19: THE WIDOWMAKER,37
15698,MICHAEL LAW,Q3308160,MICHAEL DOWSE,PLAYING WITH FIRE,WHAT IF,33
15698,MICHAEL LAW,Q3308160,MICHAEL DOWSE,TYPING TECHNIQUE,TAKE ME HOME TONIGHT,33
15698,MICHAEL LAW,Q3308160,MICHAEL DOWSE,HOW TO USE THE TELEPHONE,TAKE ME HOME TONIGHT,45
15698,MICHAEL LAW,Q1928471,MICHAEL LOTT,PLAYING WITH FIRE,WIE DIE KARNICKEL,41
15698,MICHAEL LAW,Q1928471,MICHAEL LOTT,TYPING TECHNIQUE,SCHMIDTS KATZE,40
15698,MICHAEL LAW,Q1928471,MICHAEL LOTT,HOW TO USE THE TELEPHONE,DEKKER THE TRUCKER,48
15698,MICHAEL LAW,Q6166927,JAY MICHAELSON,PLAYING WITH FIRE,GRAND CHAMPION,26
15698,MICHAEL LAW,Q6166927,JAY MICHAELSON,TYPING TECHNIQUE,GRAND CHAMPION,40
15698,MICHAEL LAW,Q6166927,JAY MICHAELSON,HOW TO USE THE TELEPHONE,GRAND CHAMPION,26
15698,MICHAEL LAW,Q6829358,MICHAEL COLGAN,PLAYING WITH FIRE,BECKETT ON FILM,25
15698,MICHAEL LAW,Q6829358,MICHAEL COLGAN,TYPING TECHNIQUE,BECKETT ON FILM,19
15698,MICHAEL LAW,Q6829358,MICHAEL COLGAN,HOW TO USE THE TELEPHONE,BECKETT ON FILM,21
15698,MICHAEL LAW,Q3856291,MICHAEL W. DEAN,PLAYING WITH FIRE,IT/LL BE BETTER TOMORROW,24
15698,MICHAEL LAW,Q3856291,MICHAEL W. DEAN,TYPING TECHNIQUE,D.I.Y. OR DIE: HOW TO SURVIVE AS AN INDEPENDENT ARTIST,26
15698,MICHAEL LAW,Q3856291,MICHAEL W. DEAN,HOW TO USE THE TELEPHONE,D.I.Y. OR DIE: HOW TO SURVIVE AS AN INDEPENDENT ARTIST,34
15698,MICHAEL LAW,Q3856120,MICHAEL BRANDT,PLAYING WITH FIRE,THE COURIER,36
15698,MICHAEL LAW,Q3856120,MICHAEL BRANDT,TYPING TECHNIQUE,CATCH THAT KID,40
15698,MICHAEL LAW,Q3856120,MICHAEL BRANDT,HOW TO USE THE TELEPHONE,THE DOUBLE,41
15698,MICHAEL LAW,Q203268,MICHAEL C. HALL,PLAYING WITH FIRE,THE TROUBLE WITH BLISS,46
15698,MICHAEL LAW,Q203268,MICHAEL C. HALL,TYPING TECHNIQUE,CHRISTINE,48
15698,MICHAEL LAW,Q203268,MICHAEL C. HALL,HOW TO USE THE TELEPHONE,JOHN AND THE HOLE,49
15698,MICHAEL LAW,Q6828248,MICHAEL ARATA,PLAYING WITH FIRE,THE POOL BOYS,40
15698,MICHAEL LAW,Q6828248,MICHAEL ARATA,TYPING TECHNIQUE,NIGHT OF THE DEMONS,29
15698,MICHAEL LAW,Q6828248,MICHAEL ARATA,HOW TO USE THE TELEPHONE,THE POOL BOYS,38
15698,MICHAEL LAW,Q6694768,MICHAEL KATZ,PLAYING WITH FIRE,EIN BISSCHEN BLEIBEN WIR NOCH,39
15698,MICHAEL LAW,Q6694768,MICHAEL KATZ,TYPING TECHNIQUE,TIME OF THE WOLF,38
15698,MICHAEL LAW,Q6694768,MICHAEL KATZ,HOW TO USE THE TELEPHONE,THE WHITE RIBBON,45
15698,MICHAEL LAW,Q7778251,MICHAEL AKERS,PLAYING WITH FIRE,"GONE, BUT NOT FORGOTTEN",31
15698,MICHAEL LAW,Q7778251,MICHAEL AKERS,TYPING TECHNIQUE,"GONE, BUT NOT FORGOTTEN",32
15698,MICHAEL LAW,Q7778251,MICHAEL AKERS,HOW TO USE THE TELEPHONE,"GONE, BUT NOT FORGOTTEN",35
15698,MICHAEL LAW,Q3308316,MICHAEL LEGGE,PLAYING WITH FIRE,HONEY GLAZE,21
15698,MICHAEL LAW,Q3308316,MICHAEL LEGGE,TYPING TECHNIQUE,HONEY GLAZE,22
15698,MICHAEL LAW,Q3308316,MICHAEL LEGGE,HOW TO USE THE TELEPHONE,HONEY GLAZE,29
15698,MICHAEL LAW,Q1620907,MICHAEL LUTZ,PLAYING WITH FIRE,LEECHES!,17
15698,MICHAEL LAW,Q1620907,MICHAEL LUTZ,TYPING TECHNIQUE,LEECHES!,35
15698,MICHAEL LAW,Q1620907,MICHAEL LUTZ,HOW TO USE THE TELEPHONE,LEECHES!,39
15698,MICHAEL LAW,Q527822,MICHAEL CHANCE,PLAYING WITH FIRE,THE BLACK NINJA,44
15698,MICHAEL LAW,Q527822,MICHAEL CHANCE,TYPING TECHNIQUE,THE BLACK NINJA,32
15698,MICHAEL LAW,Q527822,MICHAEL CHANCE,HOW TO USE THE TELEPHONE,THE BLACK NINJA,31
15698,MICHAEL LAW,Q12036719,MICHAL HOLAN,PLAYING WITH FIRE,TACHO,18
15698,MICHAEL LAW,Q12036719,MICHAL HOLAN,TYPING TECHNIQUE,TACHO,29
15698,MICHAEL LAW,Q12036719,MICHAL HOLAN,HOW TO USE THE TELEPHONE,TACHO,14
15698,MICHAEL LAW,Q3309138,MICHEL BULTEAU,PLAYING WITH FIRE,LE DERNIER DES IMMOBILES,29
15698,MICHAEL LAW,Q3309138,MICHEL BULTEAU,TYPING TECHNIQUE,LE DERNIER DES IMMOBILES,30
15698,MICHAEL LAW,Q3309138,MICHEL BULTEAU,HOW TO USE THE TELEPHONE,LE DERNIER DES IMMOBILES,17
15698,MICHAEL LAW,Q1928193,MICHAEL KLAUKIEN,PLAYING WITH FIRE,TOCHTER MEINES HERZENS,41
15698,MICHAEL LAW,Q1928193,MICHAEL KLAUKIEN,TYPING TECHNIQUE,DER STURZ - HONECKERS ENDE,15
15698,MICHAEL LAW,Q1928193,MICHAEL KLAUKIEN,HOW TO USE THE TELEPHONE,DER STURZ - HONECKERS ENDE,42
15698,MICHAEL LAW,Q6832624,MICHAEL MCCANN,PLAYING WITH FIRE,IT'S ALL GONE PETE TONG,25
15698,MICHAEL LAW,Q6832624,MICHAEL MCCANN,TYPING TECHNIQUE,IT'S ALL GONE PETE TONG,31
15698,MICHAEL LAW,Q6832624,MICHAEL MCCANN,HOW TO USE THE TELEPHONE,IT'S ALL GONE PETE TONG,43
15698,MICHAEL LAW,Q472724,MICHAEL CLANCY,PLAYING WITH FIRE,EULOGY,26
15698,MICHAEL LAW,Q472724,MICHAEL CLANCY,TYPING TECHNIQUE,EULOGY,27
15698,MICHAEL LAW,Q472724,MICHAEL CLANCY,HOW TO USE THE TELEPHONE,EULOGY,7
15698,MICHAEL LAW,Q709483,MICHAEL BARRY,PLAYING WITH FIRE,DAWN OF THE DEAD,24
15698,MICHAEL LAW,Q709483,MICHAEL BARRY,TYPING TECHNIQUE,DAWN OF THE DEAD,19
15698,MICHAEL LAW,Q709483,MICHAEL BARRY,HOW TO USE THE TELEPHONE,DAWN OF THE DEAD,25
15698,MICHAEL LAW,Q2094087,MICHAEL MAYER,PLAYING WITH FIRE,SINGLE ALL THE WAY,34
15698,MICHAEL LAW,Q2094087,MICHAEL MAYER,TYPING TECHNIQUE,THE SEAGULL,30
15698,MICHAEL LAW,Q2094087,MICHAEL MAYER,HOW TO USE THE TELEPHONE,A HOME AT THE END OF THE WORLD,44
15698,MICHAEL LAW,Q25168805,MICHAEL BEGLER,PLAYING WITH FIRE,THE PRINCE AND ME,47
15698,MICHAEL LAW,Q25168805,MICHAEL BEGLER,TYPING TECHNIQUE,RAISING HELEN,41
15698,MICHAEL LAW,Q25168805,MICHAEL BEGLER,HOW TO USE THE TELEPHONE,THE PRINCE AND ME,44
15698,MICHAEL LAW,Q24175495,MICHAEL KRABBE,PLAYING WITH FIRE,PURA VIDA IBIZA,31
15698,MICHAEL LAW,Q24175495,MICHAEL KRABBE,TYPING TECHNIQUE,PURA VIDA IBIZA,26
15698,MICHAEL LAW,Q24175495,MICHAEL KRABBE,HOW TO USE THE TELEPHONE,PURA VIDA IBIZA,15
15698,MICHAEL LAW,Q39990,MICHAEL MCMILLIAN,PLAYING WITH FIRE,IMAGINE THAT,34
15698,MICHAEL LAW,Q39990,MICHAEL MCMILLIAN,TYPING TECHNIQUE,THE TIGER HUNTER,50
15698,MICHAEL LAW,Q39990,MICHAEL MCMILLIAN,HOW TO USE THE TELEPHONE,THE TIGER HUNTER,50
15698,MICHAEL LAW,Q6832415,MICHAEL MACLENNAN,PLAYING WITH FIRE,ICE MEN,33
15698,MICHAEL LAW,Q6832415,MICHAEL MACLENNAN,TYPING TECHNIQUE,ICE MEN,35
15698,MICHAEL LAW,Q6832415,MICHAEL MACLENNAN,HOW TO USE THE TELEPHONE,ICE MEN,19
15698,MICHAEL LAW,Q29108570,MICHAEL KLINT,PLAYING WITH FIRE,GET A LIFE,15
15698,MICHAEL LAW,Q29108570,MICHAEL KLINT,TYPING TECHNIQUE,GET A LIFE,15
15698,MICHAEL LAW,Q29108570,MICHAEL KLINT,HOW TO USE THE TELEPHONE,GET A LIFE,18
15698,MICHAEL LAW,Q29962843,DANIELA MICHEL,PLAYING WITH FIRE,EISZEIT,33
15698,MICHAEL LAW,Q29962843,DANIELA MICHEL,TYPING TECHNIQUE,WHEN THE MOUNTAIN MEETS ITS SHADOW,24
15698,MICHAEL LAW,Q29962843,DANIELA MICHEL,HOW TO USE THE TELEPHONE,WHEN THE MOUNTAIN MEETS ITS SHADOW,31
15698,MICHAEL LAW,Q1928093,MICHAEL KADELBACH,PLAYING WITH FIRE,PLAY,38
15698,MICHAEL LAW,Q1928093,MICHAEL KADELBACH,TYPING TECHNIQUE,CERRO TORRE: A SNOWBALL'S CHANCE IN HELL,29
15698,MICHAEL LAW,Q1928093,MICHAEL KADELBACH,HOW TO USE THE TELEPHONE,HENNERS TRAUM - DAS GROSSTE TOURISMUS-PROJEKT EUROPAS,37
15698,MICHAEL LAW,Q578414,MICHAEL LUCAS,PLAYING WITH FIRE,NOT SUITABLE FOR CHILDREN,38
15698,MICHAEL LAW,Q578414,MICHAEL LUCAS,TYPING TECHNIQUE,NOT SUITABLE FOR CHILDREN,24
15698,MICHAEL LAW,Q578414,MICHAEL LUCAS,HOW TO USE THE TELEPHONE,UNDRESSING ISRAEL: GAY MEN IN THE PROMISED LAND,40
15698,MICHAEL LAW,Q6832732,MICHAEL MCKELL,PLAYING WITH FIRE,BENEATH STILL WATERS,27
15698,MICHAEL LAW,Q6832732,MICHAEL MCKELL,TYPING TECHNIQUE,BENEATH STILL WATERS,11
15698,MICHAEL LAW,Q6832732,MICHAEL MCKELL,HOW TO USE THE TELEPHONE,BENEATH STILL WATERS,23
15698,MICHAEL LAW,Q6832078,MICHAEL LANDSBERG,PLAYING WITH FIRE,FATBOY: THE MOVIE,36
15698,MICHAEL LAW,Q6832078,MICHAEL LANDSBERG,TYPING TECHNIQUE,FATBOY: THE MOVIE,31
15698,MICHAEL LAW,Q6832078,MICHAEL LANDSBERG,HOW TO USE THE TELEPHONE,FATBOY: THE MOVIE,40
15698,MICHAEL LAW,Q3308288,MICHAEL KANG,PLAYING WITH FIRE,THE MOTEL,31
15698,MICHAEL LAW,Q3308288,MICHAEL KANG,TYPING TECHNIQUE,THE MOTEL,32
15698,MICHAEL LAW,Q3308288,MICHAEL KANG,HOW TO USE THE TELEPHONE,THE MOTEL,48
15698,MICHAEL LAW,Q12370251,MICHAEL MADSEN,PLAYING WITH FIRE,THE AVERAGE OF THE AVERAGE,37
15698,MICHAEL LAW,Q12370251,MICHAEL MADSEN,TYPING TECHNIQUE,INTO ETERNITY,55
15698,MICHAEL LAW,Q12370251,MICHAEL MADSEN,HOW TO USE THE TELEPHONE,THE VISIT: AN ALIEN ENCOUNTER,35
15698,MICHAEL LAW,Q705156,MICHAEL ARNDT,PLAYING WITH FIRE,THE HUNGER GAMES: CATCHING FIRE,47
15698,MICHAEL LAW,Q705156,MICHAEL ARNDT,TYPING TECHNIQUE,LITTLE MISS SUNSHINE,28
15698,MICHAEL LAW,Q705156,MICHAEL ARNDT,HOW TO USE THE TELEPHONE,A WALK IN THE WOODS,42
15698,MICHAEL LAW,Q3308302,MICHAEL KLESIC,PLAYING WITH FIRE,CHILDREN OF MEN,38
15698,MICHAEL LAW,Q3308302,MICHAEL KLESIC,TYPING TECHNIQUE,CHILDREN OF MEN,32
15698,MICHAEL LAW,Q3308302,MICHAEL KLESIC,HOW TO USE THE TELEPHONE,CHILDREN OF MEN,10
15698,MICHAEL LAW,Q4068927,MICHAEL ARDEN,PLAYING WITH FIRE,THE GOOD SHEPHERD,24
15698,MICHAEL LAW,Q4068927,MICHAEL ARDEN,TYPING TECHNIQUE,THE GOOD SHEPHERD,30
15698,MICHAEL LAW,Q4068927,MICHAEL ARDEN,HOW TO USE THE TELEPHONE,THE GOOD SHEPHERD,44
15698,MICHAEL LAW,Q11948,MICHAEL BALLACK,PLAYING WITH FIRE,DEUTSCHLAND. EIN SOMMERMARCHEN,30
15698,MICHAEL LAW,Q11948,MICHAEL BALLACK,TYPING TECHNIQUE,DEUTSCHLAND. EIN SOMMERMARCHEN,31
15698,MICHAEL LAW,Q11948,MICHAEL BALLACK,HOW TO USE THE TELEPHONE,DEUTSCHLAND. EIN SOMMERMARCHEN,19
15698,MICHAEL LAW,Q2721204,MICHAEL ARIAS,PLAYING WITH FIRE,TIE KONJIN KURITO,29
15698,MICHAEL LAW,Q2721204,MICHAEL ARIAS,TYPING TECHNIQUE,TEKKONKINKREET,33
15698,MICHAEL LAW,Q2721204,MICHAEL ARIAS,HOW TO USE THE TELEPHONE,TIE KONJIN KURITO,34
15698,MICHAEL LAW,Q6832485,MICHAEL MANDT,PLAYING WITH FIRE,LAST STOP FOR PAUL,40
15698,MICHAEL LAW,Q6832485,MICHAEL MANDT,TYPING TECHNIQUE,LAST STOP FOR PAUL,29
15698,MICHAEL LAW,Q6832485,MICHAEL MANDT,HOW TO USE THE TELEPHONE,LAST STOP FOR PAUL,33
15698,MICHAEL LAW,Q16131699,MICHAEL ALONI,PLAYING WITH FIRE,OUT IN THE DARK,44
15698,MICHAEL LAW,Q16131699,MICHAEL ALONI,TYPING TECHNIQUE,VIRGINS,26
15698,MICHAEL LAW,Q16131699,MICHAEL ALONI,HOW TO USE THE TELEPHONE,OUT IN THE DARK,31
15698,MICHAEL LAW,Q16060036,MICHAEL FRANK,PLAYING WITH FIRE,RA CHOI,25
15698,MICHAEL LAW,Q16060036,MICHAEL FRANK,TYPING TECHNIQUE,RA CHOI,35
15698,MICHAEL LAW,Q16060036,MICHAEL FRANK,HOW TO USE THE TELEPHONE,RA CHOI,19
15698,MICHAEL LAW,Q21272625,MICHAEL DOWN,PLAYING WITH FIRE,THE EVOLVED,29
15698,MICHAEL LAW,Q21272625,MICHAEL DOWN,TYPING TECHNIQUE,THE EVOLVED,30
15698,MICHAEL LAW,Q21272625,MICHAEL DOWN,HOW TO USE THE TELEPHONE,THE EVOLVED,34
15698,MICHAEL LAW,Q6828681,MICHAEL BLACKSON,PLAYING WITH FIRE,THE LAST STAND,39
15698,MICHAEL LAW,Q6828681,MICHAEL BLACKSON,TYPING TECHNIQUE,ONE NIGHT IN VEGAS,29
15698,MICHAEL LAW,Q6828681,MICHAEL BLACKSON,HOW TO USE THE TELEPHONE,ONE NIGHT IN VEGAS,38
15698,MICHAEL LAW,Q65013935,MICHAEL FLIRI,PLAYING WITH FIRE,I'M IN HELL AND I'M ALONE,29
15698,MICHAEL LAW,Q65013935,MICHAEL FLIRI,TYPING TECHNIQUE,I'M IN HELL AND I'M ALONE,24
15698,MICHAEL LAW,Q65013935,MICHAEL FLIRI,HOW TO USE THE TELEPHONE,I'M IN HELL AND I'M ALONE,37
15698,MICHAEL LAW,Q6831779,MICHAEL KATLEMAN,PLAYING WITH FIRE,PRIMEVAL,24
15698,MICHAEL LAW,Q6831779,MICHAEL KATLEMAN,TYPING TECHNIQUE,PRIMEVAL,8
15698,MICHAEL LAW,Q6831779,MICHAEL KATLEMAN,HOW TO USE THE TELEPHONE,PRIMEVAL,12
15698,MICHAEL LAW,Q6835607,MICHAELA MANN,PLAYING WITH FIRE,POSTAL,17
15698,MICHAEL LAW,Q6835607,MICHAELA MANN,TYPING TECHNIQUE,POSTAL,9
15698,MICHAEL LAW,Q6835607,MICHAELA MANN,HOW TO USE THE TELEPHONE,POSTAL,20
15698,MICHAEL LAW,Q1381752,MICHAEL E. ARTH,PLAYING WITH FIRE,NEW URBAN COWBOY: TOWARD A NEW PEDESTRIANISM,20
15698,MICHAEL LAW,Q1381752,MICHAEL E. ARTH,TYPING TECHNIQUE,NEW URBAN COWBOY: TOWARD A NEW PEDESTRIANISM,20
15698,MICHAEL LAW,Q1381752,MICHAEL E. ARTH,HOW TO USE THE TELEPHONE,NEW URBAN COWBOY: TOWARD A NEW PEDESTRIANISM,36
15698,MICHAEL LAW,Q6829789,MICHAEL DELANO,PLAYING WITH FIRE,MY BLUEBERRY NIGHTS,17
15698,MICHAEL LAW,Q6829789,MICHAEL DELANO,TYPING TECHNIQUE,MY BLUEBERRY NIGHTS,23
15698,MICHAEL LAW,Q6829789,MICHAEL DELANO,HOW TO USE THE TELEPHONE,MY BLUEBERRY NIGHTS,14
15698,MICHAEL LAW,Q6829118,MICHAEL CARNES,PLAYING WITH FIRE,FURRY VENGEANCE,31
15698,MICHAEL LAW,Q6829118,MICHAEL CARNES,TYPING TECHNIQUE,FURRY VENGEANCE,19
15698,MICHAEL LAW,Q6829118,MICHAEL CARNES,HOW TO USE THE TELEPHONE,FURRY VENGEANCE,26
15698,MICHAEL LAW,Q949883,"MICHAEL LANDON, JR.",PLAYING WITH FIRE,THE LAST SIN EATER,51
15698,MICHAEL LAW,Q949883,"MICHAEL LANDON, JR.",TYPING TECHNIQUE,THE ULTIMATE LIFE,30
15698,MICHAEL LAW,Q949883,"MICHAEL LANDON, JR.",HOW TO USE THE TELEPHONE,THE ULTIMATE LIFE,44
15698,MICHAEL LAW,Q12287028,MICHAEL BILALOV,PLAYING WITH FIRE,WHICH WAY TODAY,38
15698,MICHAEL LAW,Q12287028,MICHAEL BILALOV,TYPING TECHNIQUE,WHICH WAY TODAY,19
15698,MICHAEL LAW,Q12287028,MICHAEL BILALOV,HOW TO USE THE TELEPHONE,WHICH WAY TODAY,15
15698,MICHAEL LAW,Q6829611,MICHAEL D'ANNA,PLAYING WITH FIRE,SIDE SHO,16
15698,MICHAEL LAW,Q6829611,MICHAEL D'ANNA,TYPING TECHNIQUE,SIDE SHO,8
15698,MICHAEL LAW,Q6829611,MICHAEL D'ANNA,HOW TO USE THE TELEPHONE,SIDE SHO,25
15698,MICHAEL LAW,Q24056883,MICHAEL CARMAN,PLAYING WITH FIRE,NIM'S ISLAND,34
15698,MICHAEL LAW,Q24056883,MICHAEL CARMAN,TYPING TECHNIQUE,KILLER ELITE,29
15698,MICHAEL LAW,Q24056883,MICHAEL CARMAN,HOW TO USE THE TELEPHONE,NIM'S ISLAND,22
15698,MICHAEL LAW,Q113844,MICHAEL DANGL,PLAYING WITH FIRE,"FALCO: DAMN IT, WE'RE STILL ALIVE!",33
15698,MICHAEL LAW,Q113844,MICHAEL DANGL,TYPING TECHNIQUE,MAHLER ON THE COUCH,29
15698,MICHAEL LAW,Q113844,MICHAEL DANGL,HOW TO USE THE TELEPHONE,MAHLER ON THE COUCH,47
15698,MICHAEL LAW,Q17306138,MICHAEL KELLER,PLAYING WITH FIRE,DEFYING GRAVITY,50
15698,MICHAEL LAW,Q17306138,MICHAEL KELLER,TYPING TECHNIQUE,DEFYING GRAVITY,32
15698,MICHAEL LAW,Q17306138,MICHAEL KELLER,HOW TO USE THE TELEPHONE,DEFYING GRAVITY,10
15698,MICHAEL LAW,Q918655,MICHAEL HARDT,PLAYING WITH FIRE,EXAMINED LIFE,40
15698,MICHAEL LAW,Q918655,MICHAEL HARDT,TYPING TECHNIQUE,EXAMINED LIFE,21
15698,MICHAEL LAW,Q918655,MICHAEL HARDT,HOW TO USE THE TELEPHONE,EXAMINED LIFE,27
15698,MICHAEL LAW,Q27038136,MICHAEL MELSKI,PLAYING WITH FIRE,GROWING OP,37
15698,MICHAEL LAW,Q27038136,MICHAEL MELSKI,TYPING TECHNIQUE,PERFUME WAR,30
15698,MICHAEL LAW,Q27038136,MICHAEL MELSKI,HOW TO USE THE TELEPHONE,GROWING OP,24
15698,MICHAEL LAW,Q1287837,MICHAEL BAIER,PLAYING WITH FIRE,UM HIMMELS WILLEN - WEIHNACHTEN IN KALTENTHAL,27
15698,MICHAEL LAW,Q1287837,MICHAEL BAIER,TYPING TECHNIQUE,UM HIMMELS WILLEN - WEIHNACHTEN IN KALTENTHAL,27
15698,MICHAEL LAW,Q1287837,MICHAEL BAIER,HOW TO USE THE TELEPHONE,UM HIMMELS WILLEN - WEIHNACHTEN IN KALTENTHAL,21
15698,MICHAEL LAW,Q1928284,MICHAEL KRANZ,PLAYING WITH FIRE,KONIG LAURIN,41
15698,MICHAEL LAW,Q1928284,MICHAEL KRANZ,TYPING TECHNIQUE,"TAGE, DIE BLEIBEN",44
15698,MICHAEL LAW,Q1928284,MICHAEL KRANZ,HOW TO USE THE TELEPHONE,THE WHITE RIBBON,45
15698,MICHAEL LAW,Q6832480,MICHAEL MANDEL,PLAYING WITH FIRE,I LOVE YOU PHILLIP MORRIS,29
15698,MICHAEL LAW,Q6832480,MICHAEL MANDEL,TYPING TECHNIQUE,NEW YEAR'S EVE,27
15698,MICHAEL LAW,Q6832480,MICHAEL MANDEL,HOW TO USE THE TELEPHONE,I LOVE YOU PHILLIP MORRIS,24
15698,MICHAEL LAW,Q236066,AJ MICHALKA,PLAYING WITH FIRE,THE LOVELY BONES,42
15698,MICHAEL LAW,Q236066,AJ MICHALKA,TYPING TECHNIQUE,GRACE UNPLUGGED,32
15698,MICHAEL LAW,Q236066,AJ MICHALKA,HOW TO USE THE TELEPHONE,THE LOVELY BONES,35
15698,MICHAEL LAW,Q449604,MICHAEL HAYDEN,PLAYING WITH FIRE,THICK AS THIEVES,18
15698,MICHAEL LAW,Q449604,MICHAEL HAYDEN,TYPING TECHNIQUE,THICK AS THIEVES,19
15698,MICHAEL LAW,Q449604,MICHAEL HAYDEN,HOW TO USE THE TELEPHONE,THICK AS THIEVES,30
15698,MICHAEL LAW,Q1928369,MICHAEL LAKE,PLAYING WITH FIRE,THE MARINE 2,34
15698,MICHAEL LAW,Q1928369,MICHAEL LAKE,TYPING TECHNIQUE,THE MARINE 2,29
15698,MICHAEL LAW,Q1928369,MICHAEL LAKE,HOW TO USE THE TELEPHONE,THE MARINE 2,39
15698,MICHAEL LAW,Q6830227,MICHAEL FARRIS,PLAYING WITH FIRE,COME WHAT MAY,47
15698,MICHAEL LAW,Q6830227,MICHAEL FARRIS,TYPING TECHNIQUE,COME WHAT MAY,28
15698,MICHAEL LAW,Q6830227,MICHAEL FARRIS,HOW TO USE THE TELEPHONE,COME WHAT MAY,22
15698,MICHAEL LAW,Q720768,MICHAEL LANG,PLAYING WITH FIRE,SAINT MISBEHAVIN': THE WAVY GRAVY MOVIE,30
15698,MICHAEL LAW,Q720768,MICHAEL LANG,TYPING TECHNIQUE,SAINT MISBEHAVIN': THE WAVY GRAVY MOVIE,30
15698,MICHAEL LAW,Q720768,MICHAEL LANG,HOW TO USE THE TELEPHONE,SAINT MISBEHAVIN': THE WAVY GRAVY MOVIE,30
15698,MICHAEL LAW,Q21975341,MICHAEL HALL,PLAYING WITH FIRE,TAMANGO,25
15698,MICHAEL LAW,Q21975341,MICHAEL HALL,TYPING TECHNIQUE,TAMANGO,26
15698,MICHAEL LAW,Q21975341,MICHAEL HALL,HOW TO USE THE TELEPHONE,TAMANGO,6
15698,MICHAEL LAW,Q65115391,MICHEL LAMBERT,PLAYING WITH FIRE,PARTLY PRIVATE,32
15698,MICHAEL LAW,Q65115391,MICHEL LAMBERT,TYPING TECHNIQUE,JEWS & MONEY,31
15698,MICHAEL LAW,Q65115391,MICHEL LAMBERT,HOW TO USE THE TELEPHONE,TRANCHE DE VIE,37
15698,MICHAEL LAW,Q1928436,MICHAEL LEVINE,PLAYING WITH FIRE,RESTREPO,24
15698,MICHAEL LAW,Q1928436,MICHAEL LEVINE,TYPING TECHNIQUE,RESTREPO,25
15698,MICHAEL LAW,Q1928436,MICHAEL LEVINE,HOW TO USE THE TELEPHONE,RESTREPO,25
15698,MICHAEL LAW,Q1665952,MICHAEL BARAL,PLAYING WITH FIRE,A HOLOGRAM FOR THE KING,55
15698,MICHAEL LAW,Q1665952,MICHAEL BARAL,TYPING TECHNIQUE,MEN IN THE CITY 2,30
15698,MICHAEL LAW,Q1665952,MICHAEL BARAL,HOW TO USE THE TELEPHONE,MEN IN THE CITY 2,39
15698,MICHAEL LAW,Q1344849,IB MICHAEL,PLAYING WITH FIRE,KLOWN FOREVER,40
15698,MICHAEL LAW,Q1344849,IB MICHAEL,TYPING TECHNIQUE,KLOVN - THE MOVIE,32
15698,MICHAEL LAW,Q1344849,IB MICHAEL,HOW TO USE THE TELEPHONE,KLOVN - THE MOVIE,41
15698,MICHAEL LAW,Q23563444,MICHAEL KAMM,PLAYING WITH FIRE,KIDNAPPING STELLA,41
15698,MICHAEL LAW,Q23563444,MICHAEL KAMM,TYPING TECHNIQUE,THE SILENCE,37
15698,MICHAEL LAW,Q23563444,MICHAEL KAMM,HOW TO USE THE TELEPHONE,THE SILENCE,46
15698,MICHAEL LAW,Q60372928,MICHAEL LANDER,PLAYING WITH FIRE,PEACOCK,17
15698,MICHAEL LAW,Q60372928,MICHAEL LANDER,TYPING TECHNIQUE,PEACOCK,17
15698,MICHAEL LAW,Q60372928,MICHAEL LANDER,HOW TO USE THE TELEPHONE,PEACOCK,6
15698,MICHAEL LAW,Q16729157,MICHAEL GALLAGHER,PLAYING WITH FIRE,22ND OF MAY,29
15698,MICHAEL LAW,Q16729157,MICHAEL GALLAGHER,TYPING TECHNIQUE,22ND OF MAY,22
15698,MICHAEL LAW,Q16729157,MICHAEL GALLAGHER,HOW TO USE THE TELEPHONE,22ND OF MAY,6
15698,MICHAEL LAW,Q6828622,MICHAEL BHATIA,PLAYING WITH FIRE,HUMAN TERRAIN: WAR BECOMES ACADEMIC,27
15698,MICHAEL LAW,Q6828622,MICHAEL BHATIA,TYPING TECHNIQUE,HUMAN TERRAIN: WAR BECOMES ACADEMIC,16
15698,MICHAEL LAW,Q6828622,MICHAEL BHATIA,HOW TO USE THE TELEPHONE,HUMAN TERRAIN: WAR BECOMES ACADEMIC,21
15698,MICHAEL LAW,Q1364428,MICHAEL LOVEDAY,PLAYING WITH FIRE,A LONELY PLACE TO DIE,42
15698,MICHAEL LAW,Q1364428,MICHAEL LOVEDAY,TYPING TECHNIQUE,A LONELY PLACE TO DIE,27
15698,MICHAEL LAW,Q1364428,MICHAEL LOVEDAY,HOW TO USE THE TELEPHONE,A LONELY PLACE TO DIE,49
15698,MICHAEL LAW,Q228733,LEA MICHELE,PLAYING WITH FIRE,GLEE: THE 3D CONCERT MOVIE,33
15698,MICHAEL LAW,Q228733,LEA MICHELE,TYPING TECHNIQUE,GLEE: THE 3D CONCERT MOVIE,29
15698,MICHAEL LAW,Q228733,LEA MICHELE,HOW TO USE THE TELEPHONE,GLEE: THE 3D CONCERT MOVIE,41
15698,MICHAEL LAW,Q19507882,MICHAEL GRADY,PLAYING WITH FIRE,FRIENDS WITH BENEFITS,53
15698,MICHAEL LAW,Q19507882,MICHAEL GRADY,TYPING TECHNIQUE,ANNIE,29
15698,MICHAEL LAW,Q19507882,MICHAEL GRADY,HOW TO USE THE TELEPHONE,ON THE BASIS OF SEX,42
15698,MICHAEL LAW,Q16215380,MICHAEL LIRA,PLAYING WITH FIRE,THE HUNTER,30
15698,MICHAEL LAW,Q16215380,MICHAEL LIRA,TYPING TECHNIQUE,THE HUNTER,31
15698,MICHAEL LAW,Q16215380,MICHAEL LIRA,HOW TO USE THE TELEPHONE,THE HUNTER,41
15698,MICHAEL LAW,Q6829173,MICHAEL CATT,PLAYING WITH FIRE,COURAGEOUS,15
15698,MICHAEL LAW,Q6829173,MICHAEL CATT,TYPING TECHNIQUE,COURAGEOUS,15
15698,MICHAEL LAW,Q6829173,MICHAEL CATT,HOW TO USE THE TELEPHONE,COURAGEOUS,29
15698,MICHAEL LAW,Q6832177,MICHAEL LEHMAN,PLAYING WITH FIRE,THE HUNTERS,29
15698,MICHAEL LAW,Q6832177,MICHAEL LEHMAN,TYPING TECHNIQUE,THE HUNTERS,30
15698,MICHAEL LAW,Q6832177,MICHAEL LEHMAN,HOW TO USE THE TELEPHONE,THE HUNTERS,40
15698,MICHAEL LAW,Q28843584,MICHAELA KLOSE,PLAYING WITH FIRE,BARING IT ALL,47
15698,MICHAEL LAW,Q28843584,MICHAELA KLOSE,TYPING TECHNIQUE,BARING IT ALL,28
15698,MICHAEL LAW,Q28843584,MICHAELA KLOSE,HOW TO USE THE TELEPHONE,BARING IT ALL,11
15698,MICHAEL LAW,Q299636,MICHAEL ADAMS,PLAYING WITH FIRE,THE OREGONIAN,33
15698,MICHAEL LAW,Q299636,MICHAEL ADAMS,TYPING TECHNIQUE,THE OREGONIAN,34
15698,MICHAEL LAW,Q299636,MICHAEL ADAMS,HOW TO USE THE TELEPHONE,THE OREGONIAN,43
15698,MICHAEL LAW,Q16208982,MICHAEL GRAUE,PLAYING WITH FIRE,BATTLESHIP,15
15698,MICHAEL LAW,Q16208982,MICHAEL GRAUE,TYPING TECHNIQUE,BATTLESHIP,38
15698,MICHAEL LAW,Q16208982,MICHAEL GRAUE,HOW TO USE THE TELEPHONE,BATTLESHIP,24
15698,MICHAEL LAW,Q1927956,MICHAEL IHNOW,PLAYING WITH FIRE,A HOLOGRAM FOR THE KING,55
15698,MICHAEL LAW,Q1927956,MICHAEL IHNOW,TYPING TECHNIQUE,THE FOURTH STATE,31
15698,MICHAEL LAW,Q1927956,MICHAEL IHNOW,HOW TO USE THE TELEPHONE,THE FOURTH STATE,40
15698,MICHAEL LAW,Q12036659,MICHAELA HORKA,PLAYING WITH FIRE,EN KONGELIG AFFAERE,39
15698,MICHAEL LAW,Q12036659,MICHAELA HORKA,TYPING TECHNIQUE,EN KONGELIG AFFAERE,29
15698,MICHAEL LAW,Q12036659,MICHAELA HORKA,HOW TO USE THE TELEPHONE,EN KONGELIG AFFAERE,14
15698,MICHAEL LAW,Q11882363,MICHAEL CHANG,PLAYING WITH FIRE,SUPERMAN VS. THE ELITE,47
15698,MICHAEL LAW,Q11882363,MICHAEL CHANG,TYPING TECHNIQUE,SUPERMAN VS. THE ELITE,27
15698,MICHAEL LAW,Q11882363,MICHAEL CHANG,HOW TO USE THE TELEPHONE,SUPERMAN VS. THE ELITE,44
15698,MICHAEL LAW,Q70378,MICHAEL MAYER,PLAYING WITH FIRE,OUT IN THE DARK,44
15698,MICHAEL LAW,Q70378,MICHAEL MAYER,TYPING TECHNIQUE,`LTH,21
15698,MICHAEL LAW,Q70378,MICHAEL MAYER,HOW TO USE THE TELEPHONE,OUT IN THE DARK,31
15698,MICHAEL LAW,Q6829357,MICHAEL COLGAN,PLAYING WITH FIRE,GOOD VIBRATIONS,31
15698,MICHAEL LAW,Q6829357,MICHAEL COLGAN,TYPING TECHNIQUE,GOOD VIBRATIONS,13
15698,MICHAEL LAW,Q6829357,MICHAEL COLGAN,HOW TO USE THE TELEPHONE,GOOD VIBRATIONS,31
15698,MICHAEL LAW,Q19895767,MICHAEL LENNOX,PLAYING WITH FIRE,A PATCH OF FOG,39
15698,MICHAEL LAW,Q19895767,MICHAEL LENNOX,TYPING TECHNIQUE,A PATCH OF FOG,20
15698,MICHAEL LAW,Q19895767,MICHAEL LENNOX,HOW TO USE THE TELEPHONE,HIVES,21
15698,MICHAEL LAW,Q188720,MICHAEL LAUDRUP,PLAYING WITH FIRE,"ME, MYSELF & MARTIN LAURSEN",20
15698,MICHAEL LAW,Q188720,MICHAEL LAUDRUP,TYPING TECHNIQUE,"ME, MYSELF & MARTIN LAURSEN",25
15698,MICHAEL LAW,Q188720,MICHAEL LAUDRUP,HOW TO USE THE TELEPHONE,"ME, MYSELF & MARTIN LAURSEN",17
15698,MICHAEL LAW,Q3310045,MICHEL LA ROSA,PLAYING WITH FIRE,PISTE NOIRE,50
15698,MICHAEL LAW,Q3310045,MICHEL LA ROSA,TYPING TECHNIQUE,PISTE NOIRE,15
15698,MICHAEL LAW,Q3310045,MICHEL LA ROSA,HOW TO USE THE TELEPHONE,PISTE NOIRE,23
15698,MICHAEL LAW,Q21014941,MICHAEL KLAMMER,PLAYING WITH FIRE,AUF DEN ZWEITEN BLICK,37
15698,MICHAEL LAW,Q21014941,MICHAEL KLAMMER,TYPING TECHNIQUE,AUF DEN ZWEITEN BLICK,16
15698,MICHAEL LAW,Q21014941,MICHAEL KLAMMER,HOW TO USE THE TELEPHONE,AUF DEN ZWEITEN BLICK,18
15698,MICHAEL LAW,Q1928082,MICHAEL JAGER,PLAYING WITH FIRE,THE BLIND SPOT,39
15698,MICHAEL LAW,Q1928082,MICHAEL JAGER,TYPING TECHNIQUE,SCHLUSSPUNKT,29
15698,MICHAEL LAW,Q1928082,MICHAEL JAGER,HOW TO USE THE TELEPHONE,THE BLIND SPOT,32
15698,MICHAEL LAW,Q19202167,MICHAEL LANNAN,PLAYING WITH FIRE,INTERIOR. LEATHER BAR.,38
15698,MICHAEL LAW,Q19202167,MICHAEL LANNAN,TYPING TECHNIQUE,INTERIOR. LEATHER BAR.,22
15698,MICHAEL LAW,Q19202167,MICHAEL LANNAN,HOW TO USE THE TELEPHONE,INTERIOR. LEATHER BAR.,36
15698,MICHAEL LAW,Q16736692,MICHAEL CHE,PLAYING WITH FIRE,TOP FIVE,40
15698,MICHAEL LAW,Q16736692,MICHAEL CHE,TYPING TECHNIQUE,TOP FIVE,42
15698,MICHAEL LAW,Q16736692,MICHAEL CHE,HOW TO USE THE TELEPHONE,TOP FIVE,25
15698,MICHAEL LAW,Q6832519,MICHAEL MAREN,PLAYING WITH FIRE,A SHORT HISTORY OF DECAY,29
15698,MICHAEL LAW,Q6832519,MICHAEL MAREN,TYPING TECHNIQUE,A SHORT HISTORY OF DECAY,30
15698,MICHAEL LAW,Q6832519,MICHAEL MAREN,HOW TO USE THE TELEPHONE,A SHORT HISTORY OF DECAY,12
15698,MICHAEL LAW,Q22976274,MICHAEL MARCUS,PLAYING WITH FIRE,THE INVISIBLE WOMAN,28
15698,MICHAEL LAW,Q22976274,MICHAEL MARCUS,TYPING TECHNIQUE,THE INVISIBLE WOMAN,34
15698,MICHAEL LAW,Q22976274,MICHAEL MARCUS,HOW TO USE THE TELEPHONE,THE PHYSICIAN,38
15698,MICHAEL LAW,Q1418450,MICHAELA MELIAN,PLAYING WITH FIRE,FINSTERWORLD,28
15698,MICHAEL LAW,Q1418450,MICHAELA MELIAN,TYPING TECHNIQUE,FINSTERWORLD,14
15698,MICHAEL LAW,Q1418450,MICHAELA MELIAN,HOW TO USE THE TELEPHONE,FINSTERWORLD,17
15698,MICHAEL LAW,Q16499795,MICHAEL KLEIMAN,PLAYING WITH FIRE,WEB,10
15698,MICHAEL LAW,Q16499795,MICHAEL KLEIMAN,TYPING TECHNIQUE,WEB,11
15698,MICHAEL LAW,Q16499795,MICHAEL KLEIMAN,HOW TO USE THE TELEPHONE,WEB,15
15698,MICHAEL LAW,Q66120949,MICHAEL DEBELJAK,PLAYING WITH FIRE,CAPTAIN AMERICA: THE WINTER SOLDIER,39
15698,MICHAEL LAW,Q66120949,MICHAEL DEBELJAK,TYPING TECHNIQUE,CAPTAIN AMERICA: THE WINTER SOLDIER,8
15698,MICHAEL LAW,Q66120949,MICHAEL DEBELJAK,HOW TO USE THE TELEPHONE,CAPTAIN AMERICA: THE WINTER SOLDIER,31
15698,MICHAEL LAW,Q17400146,MICHAEL LOMENDA,PLAYING WITH FIRE,JERSEY BOYS,21
15698,MICHAEL LAW,Q17400146,MICHAEL LOMENDA,TYPING TECHNIQUE,JERSEY BOYS,22
15698,MICHAEL LAW,Q17400146,MICHAEL LOMENDA,HOW TO USE THE TELEPHONE,JERSEY BOYS,29
15698,MICHAEL LAW,Q794930,MICHELLE LO,PLAYING WITH FIRE,GOLDEN CHICKEN 3,30
15698,MICHAEL LAW,Q794930,MICHELLE LO,TYPING TECHNIQUE,GOLDEN CHICKEN 3,31
15698,MICHAEL LAW,Q794930,MICHELLE LO,HOW TO USE THE TELEPHONE,GOLDEN CHICKEN 3,20
15698,MICHAEL LAW,Q1406881,MICHAEL ISABEY,PLAYING WITH FIRE,LE MONDE DE FRED,36
15698,MICHAEL LAW,Q1406881,MICHAEL ISABEY,TYPING TECHNIQUE,LE MONDE DE FRED,19
15698,MICHAEL LAW,Q1406881,MICHAEL ISABEY,HOW TO USE THE TELEPHONE,LE MONDE DE FRED,35
15698,MICHAEL LAW,Q18637243,MICHAELA COEL,PLAYING WITH FIRE,BEEN SO LONG,41
15698,MICHAEL LAW,Q18637243,MICHAELA COEL,TYPING TECHNIQUE,BEEN SO LONG,36
15698,MICHAEL LAW,Q18637243,MICHAELA COEL,HOW TO USE THE TELEPHONE,BEEN SO LONG,33
15698,MICHAEL LAW,Q27656678,MICHAEL DRAYER,PLAYING WITH FIRE,BEFORE I DISAPPEAR,40
15698,MICHAEL LAW,Q27656678,MICHAEL DRAYER,TYPING TECHNIQUE,BEFORE I DISAPPEAR,29
15698,MICHAEL LAW,Q27656678,MICHAEL DRAYER,HOW TO USE THE TELEPHONE,BEFORE I DISAPPEAR,24
15698,MICHAEL LAW,Q6831039,MICHAEL HEARST,PLAYING WITH FIRE,TO BE TAKEI,43
15698,MICHAEL LAW,Q6831039,MICHAEL HEARST,TYPING TECHNIQUE,CHICKEN PEOPLE,33
15698,MICHAEL LAW,Q6831039,MICHAEL HEARST,HOW TO USE THE TELEPHONE,TO BE TAKEI,40
15698,MICHAEL LAW,Q60291576,MICHAEL GALANTE,PLAYING WITH FIRE,BOY MEETS GIRL,26
15698,MICHAEL LAW,Q60291576,MICHAEL GALANTE,TYPING TECHNIQUE,BOY MEETS GIRL,7
15698,MICHAEL LAW,Q60291576,MICHAEL GALANTE,HOW TO USE THE TELEPHONE,BOY MEETS GIRL,21
15698,MICHAEL LAW,Q6829693,MICHAEL DALY HAWKINS,PLAYING WITH FIRE,CITIZENFOUR,14
15698,MICHAEL LAW,Q6829693,MICHAEL DALY HAWKINS,TYPING TECHNIQUE,CITIZENFOUR,30
15698,MICHAEL LAW,Q6829693,MICHAEL DALY HAWKINS,HOW TO USE THE TELEPHONE,CITIZENFOUR,11
15698,MICHAEL LAW,Q23771892,MICHAEL MCADAM,PLAYING WITH FIRE,VENOM,18
15698,MICHAEL LAW,Q23771892,MICHAEL MCADAM,TYPING TECHNIQUE,VENOM,19
15698,MICHAEL LAW,Q23771892,MICHAEL MCADAM,HOW TO USE THE TELEPHONE,VENOM,7
15698,MICHAEL LAW,Q102318592,MICHAL KOLEJAK,PLAYING WITH FIRE,JAK JSME HRALI CARU,11
15698,MICHAEL LAW,Q102318592,MICHAL KOLEJAK,TYPING TECHNIQUE,HOSTAGE,17
15698,MICHAEL LAW,Q102318592,MICHAL KOLEJAK,HOW TO USE THE TELEPHONE,HOSTAGE,26
15698,MICHAEL LAW,Q26915320,MICHAEL BROWN,PLAYING WITH FIRE,ROLLER LIFE,29
15698,MICHAEL LAW,Q26915320,MICHAEL BROWN,TYPING TECHNIQUE,HAUNTED STATE: WHISPERS FROM HISTORY PAST,25
15698,MICHAEL LAW,Q26915320,MICHAEL BROWN,HOW TO USE THE TELEPHONE,HAUNTED STATE: THEATRE OF SHADOWS,43
15698,MICHAEL LAW,Q25915851,ELIZABETH MICHAEL,PLAYING WITH FIRE,MAPENZI YA MUNGU,30
15698,MICHAEL LAW,Q25915851,ELIZABETH MICHAEL,TYPING TECHNIQUE,MAPENZI YA MUNGU,38
15698,MICHAEL LAW,Q25915851,ELIZABETH MICHAEL,HOW TO USE THE TELEPHONE,MAPENZI YA MUNGU,15
15698,MICHAEL LAW,Q95232356,MICHAEL AMMANN,PLAYING WITH FIRE,NEBENWEGE - PILGERN AUF BAYRISCH,30
15698,MICHAEL LAW,Q95232356,MICHAEL AMMANN,TYPING TECHNIQUE,NEBENWEGE - PILGERN AUF BAYRISCH,35
15698,MICHAEL LAW,Q95232356,MICHAEL AMMANN,HOW TO USE THE TELEPHONE,NEBENWEGE - PILGERN AUF BAYRISCH,26
15698,MICHAEL LAW,Q1926794,MICHAEL AMMANN,PLAYING WITH FIRE,NEBENWEGE - PILGERN AUF BAYRISCH,30
15698,MICHAEL LAW,Q1926794,MICHAEL AMMANN,TYPING TECHNIQUE,NEBENWEGE - PILGERN AUF BAYRISCH,35
15698,MICHAEL LAW,Q1926794,MICHAEL AMMANN,HOW TO USE THE TELEPHONE,NEBENWEGE - PILGERN AUF BAYRISCH,26
15698,MICHAEL LAW,Q26758644,MICHAEL A. COOK,PLAYING WITH FIRE,CAPTAIN AMERICA: CIVIL WAR,38
15698,MICHAEL LAW,Q26758644,MICHAEL A. COOK,TYPING TECHNIQUE,AVENGERS: ENDGAME,19
15698,MICHAEL LAW,Q26758644,MICHAEL A. COOK,HOW TO USE THE TELEPHONE,AVENGERS: ENDGAME,15
15698,MICHAEL LAW,Q22109804,MICHAEL GRILLO,PLAYING WITH FIRE,ANT-MAN,25
15698,MICHAEL LAW,Q22109804,MICHAEL GRILLO,TYPING TECHNIQUE,AVENGERS: ENDGAME,19
15698,MICHAEL LAW,Q22109804,MICHAEL GRILLO,HOW TO USE THE TELEPHONE,AVENGERS: ENDGAME,15
15698,MICHAEL LAW,Q20873879,MICHEL LITVAK,PLAYING WITH FIRE,THE GUILTY,30
15698,MICHAEL LAW,Q20873879,MICHEL LITVAK,TYPING TECHNIQUE,NO ESCAPE,40
15698,MICHAEL LAW,Q20873879,MICHEL LITVAK,HOW TO USE THE TELEPHONE,NO ESCAPE,30
15698,MICHAEL LAW,Q16333776,MICHEL JOELSAS,PLAYING WITH FIRE,QUE HORAS ELA VOLTA?,28
15698,MICHAEL LAW,Q16333776,MICHEL JOELSAS,TYPING TECHNIQUE,QUE HORAS ELA VOLTA?,40
15698,MICHAEL LAW,Q16333776,MICHEL JOELSAS,HOW TO USE THE TELEPHONE,THE SECOND MOTHER,44
15698,MICHAEL LAW,Q20817214,MICHAEL BALLAK,PLAYING WITH FIRE,TREFFPUNKT ERASMUS,29
15698,MICHAEL LAW,Q20817214,MICHAEL BALLAK,TYPING TECHNIQUE,TREFFPUNKT ERASMUS,35
15698,MICHAEL LAW,Q20817214,MICHAEL BALLAK,HOW TO USE THE TELEPHONE,TREFFPUNKT ERASMUS,29
15698,MICHAEL LAW,Q6832133,MICHAEL LEBLANC,PLAYING WITH FIRE,NO STRANGER THAN LOVE,42
15698,MICHAEL LAW,Q6832133,MICHAEL LEBLANC,TYPING TECHNIQUE,NO STRANGER THAN LOVE,27
15698,MICHAEL LAW,Q6832133,MICHAEL LEBLANC,HOW TO USE THE TELEPHONE,NO STRANGER THAN LOVE,31
15698,MICHAEL LAW,Q1426759,MICHAEL KLETTE,PLAYING WITH FIRE,SOLNESS,8
15698,MICHAEL LAW,Q1426759,MICHAEL KLETTE,TYPING TECHNIQUE,SOLNESS,9
15698,MICHAEL LAW,Q1426759,MICHAEL KLETTE,HOW TO USE THE TELEPHONE,SOLNESS,32
15698,MICHAEL LAW,Q29646026,MICHAEL EPP,PLAYING WITH FIRE,THE NIGHTMARE,40
15698,MICHAEL LAW,Q29646026,MICHAEL EPP,TYPING TECHNIQUE,THE NIGHTMARE,34
15698,MICHAEL LAW,Q29646026,MICHAEL EPP,HOW TO USE THE TELEPHONE,THE NIGHTMARE,38
15698,MICHAEL LAW,Q128933,MICHAELLE JEAN,PLAYING WITH FIRE,MICHAELLE JEAN: A WOMAN OF PURPOSE,24
15698,MICHAEL LAW,Q128933,MICHAELLE JEAN,TYPING TECHNIQUE,MICHAELLE JEAN: A WOMAN OF PURPOSE,29
15698,MICHAEL LAW,Q128933,MICHAELLE JEAN,HOW TO USE THE TELEPHONE,MICHAELLE JEAN: A WOMAN OF PURPOSE,28
15698,MICHAEL LAW,Q28536253,MICHAEL LARNELL,PLAYING WITH FIRE,ROXANNE ROXANNE,31
15698,MICHAEL LAW,Q28536253,MICHAEL LARNELL,TYPING TECHNIQUE,CRONIES,35
15698,MICHAEL LAW,Q28536253,MICHAEL LARNELL,HOW TO USE THE TELEPHONE,CRONIES,26
15698,MICHAEL LAW,Q3278275,MICHAEL MAJALAHTI,PLAYING WITH FIRE,SPANDEX SAPIENS,38
15698,MICHAEL LAW,Q3278275,MICHAEL MAJALAHTI,TYPING TECHNIQUE,SPANDEX SAPIENS,19
15698,MICHAEL LAW,Q3278275,MICHAEL MAJALAHTI,HOW TO USE THE TELEPHONE,SPANDEX SAPIENS,10
15698,MICHAEL LAW,Q28002441,MICHAEL LERMAN,PLAYING WITH FIRE,DOCTOR STRANGE,32
15698,MICHAEL LAW,Q28002441,MICHAEL LERMAN,TYPING TECHNIQUE,DOCTOR STRANGE,33
15698,MICHAEL LAW,Q28002441,MICHAEL LERMAN,HOW TO USE THE TELEPHONE,DOCTOR STRANGE,32
15698,MICHAEL LAW,Q6830705,MICHAEL GOULD,PLAYING WITH FIRE,ROGUE ONE: A STAR WARS STORY,27
15698,MICHAEL LAW,Q6830705,MICHAEL GOULD,TYPING TECHNIQUE,ROGUE ONE: A STAR WARS STORY,28
15698,MICHAEL LAW,Q6830705,MICHAEL GOULD,HOW TO USE THE TELEPHONE,ROGUE ONE: A STAR WARS STORY,43
15698,MICHAEL LAW,Q24740256,MICHAEL LAURIN,PLAYING WITH FIRE,RACHEL: AREA 51 AS A TOWN,24
15698,MICHAEL LAW,Q24740256,MICHAEL LAURIN,TYPING TECHNIQUE,RACHEL: AREA 51 AS A TOWN,35
15698,MICHAEL LAW,Q24740256,MICHAEL LAURIN,HOW TO USE THE TELEPHONE,RACHEL: AREA 51 AS A TOWN,25
15698,MICHAEL LAW,Q6829392,MICHAEL COLTON,PLAYING WITH FIRE,ZOOLANDER: SUPER MODEL,26
15698,MICHAEL LAW,Q6829392,MICHAEL COLTON,TYPING TECHNIQUE,ZOOLANDER: SUPER MODEL,16
15698,MICHAEL LAW,Q6829392,MICHAEL COLTON,HOW TO USE THE TELEPHONE,ZOOLANDER: SUPER MODEL,31
15698,MICHAEL LAW,Q26908479,MICHAEL FULLER,PLAYING WITH FIRE,MYRTLE BEACH,14
15698,MICHAEL LAW,Q26908479,MICHAEL FULLER,TYPING TECHNIQUE,MYRTLE BEACH,29
15698,MICHAEL LAW,Q26908479,MICHAEL FULLER,HOW TO USE THE TELEPHONE,MYRTLE BEACH,28
15698,MICHAEL LAW,Q24630920,MICHAEL LAWRENCE,PLAYING WITH FIRE,YOU AND ME,22
15698,MICHAEL LAW,Q24630920,MICHAEL LAWRENCE,TYPING TECHNIQUE,YOU AND ME,31
15698,MICHAEL LAW,Q24630920,MICHAEL LAWRENCE,HOW TO USE THE TELEPHONE,YOU AND ME,29
15698,MICHAEL LAW,Q41620896,MICHAEL P. AUST,PLAYING WITH FIRE,EVA HESSE,23
15698,MICHAEL LAW,Q41620896,MICHAEL P. AUST,TYPING TECHNIQUE,EVA HESSE,24
15698,MICHAEL LAW,Q41620896,MICHAEL P. AUST,HOW TO USE THE TELEPHONE,EVA HESSE,30
15698,MICHAEL LAW,Q87760965,MICHAEL CULYBA,PLAYING WITH FIRE,GERMANS & JEWS,21
15698,MICHAEL LAW,Q87760965,MICHAEL CULYBA,TYPING TECHNIQUE,GERMANS & JEWS,21
15698,MICHAEL LAW,Q87760965,MICHAEL CULYBA,HOW TO USE THE TELEPHONE,GERMANS & JEWS,11
15698,MICHAEL LAW,Q24705684,MICHAEL ANGELO,PLAYING WITH FIRE,A DOCUMENTREE,13
15698,MICHAEL LAW,Q24705684,MICHAEL ANGELO,TYPING TECHNIQUE,A DOCUMENTREE,21
15698,MICHAEL LAW,Q24705684,MICHAEL ANGELO,HOW TO USE THE TELEPHONE,A DOCUMENTREE,22
15698,MICHAEL LAW,Q27050174,MICHAEL LOVAGLIA,PLAYING WITH FIRE,POMODORO,8
15698,MICHAEL LAW,Q27050174,MICHAEL LOVAGLIA,TYPING TECHNIQUE,POMODORO,8
15698,MICHAEL LAW,Q27050174,MICHAEL LOVAGLIA,HOW TO USE THE TELEPHONE,POMODORO,19
15698,MICHAEL LAW,Q27038158,MICHAEL COLIN,PLAYING WITH FIRE,WHY JUST ONE?,21
15698,MICHAEL LAW,Q27038158,MICHAEL COLIN,TYPING TECHNIQUE,WHY JUST ONE?,36
15698,MICHAEL LAW,Q27038158,MICHAEL COLIN,HOW TO USE THE TELEPHONE,WHY JUST ONE?,33
15698,MICHAEL LAW,Q27050798,J. MICHAEL CARR,PLAYING WITH FIRE,AMERICA'S UNTOLD JOURNEY,24
15698,MICHAEL LAW,Q27050798,J. MICHAEL CARR,TYPING TECHNIQUE,AMERICA'S UNTOLD JOURNEY,5
15698,MICHAEL LAW,Q27050798,J. MICHAEL CARR,HOW TO USE THE TELEPHONE,AMERICA'S UNTOLD JOURNEY,29
15698,MICHAEL LAW,Q27043084,MICHAEL T. AGNEW,PLAYING WITH FIRE,PORTLAND HIP HOP: LIFTING AS WE CLIMB,23
15698,MICHAEL LAW,Q27043084,MICHAEL T. AGNEW,TYPING TECHNIQUE,PORTLAND HIP HOP: LIFTING AS WE CLIMB,15
15698,MICHAEL LAW,Q27043084,MICHAEL T. AGNEW,HOW TO USE THE TELEPHONE,PORTLAND HIP HOP: LIFTING AS WE CLIMB,13
15698,MICHAEL LAW,Q26830259,MICHAEL LEONI,PLAYING WITH FIRE,AMERICAN STREET KID,22
15698,MICHAEL LAW,Q26830259,MICHAEL LEONI,TYPING TECHNIQUE,AMERICAN STREET KID,23
15698,MICHAEL LAW,Q26830259,MICHAEL LEONI,HOW TO USE THE TELEPHONE,AMERICAN STREET KID,23
15698,MICHAEL LAW,Q1351047,MICHAEL GRANT,PLAYING WITH FIRE,FAIR HAVEN,37
15698,MICHAEL LAW,Q1351047,MICHAEL GRANT,TYPING TECHNIQUE,FAIR HAVEN,15
15698,MICHAEL LAW,Q1351047,MICHAEL GRANT,HOW TO USE THE TELEPHONE,FAIR HAVEN,18
15698,MICHAEL LAW,Q6831256,MICHAEL HOWARD,PLAYING WITH FIRE,WHERE WE'RE MEANT TO BE,30
15698,MICHAEL LAW,Q6831256,MICHAEL HOWARD,TYPING TECHNIQUE,WHERE WE'RE MEANT TO BE,21
15698,MICHAEL LAW,Q6831256,MICHAEL HOWARD,HOW TO USE THE TELEPHONE,WHERE WE'RE MEANT TO BE,38
15698,MICHAEL LAW,Q28799812,MICHAEL CARNEY,PLAYING WITH FIRE,SAME KIND OF DIFFERENT AS ME,31
15698,MICHAEL LAW,Q28799812,MICHAEL CARNEY,TYPING TECHNIQUE,SAME KIND OF DIFFERENT AS ME,18
15698,MICHAEL LAW,Q28799812,MICHAEL CARNEY,HOW TO USE THE TELEPHONE,SAME KIND OF DIFFERENT AS ME,23
15698,MICHAEL LAW,Q28808955,AL MITCHELL,PLAYING WITH FIRE,SAME KIND OF DIFFERENT AS ME,31
15698,MICHAEL LAW,Q28808955,AL MITCHELL,TYPING TECHNIQUE,SAME KIND OF DIFFERENT AS ME,18
15698,MICHAEL LAW,Q28808955,AL MITCHELL,HOW TO USE THE TELEPHONE,SAME KIND OF DIFFERENT AS ME,23
15698,MICHAEL LAW,Q2413003,MICHAEL ABELS,PLAYING WITH FIRE,ALL DAY & A NIGHT,44
15698,MICHAEL LAW,Q2413003,MICHAEL ABELS,TYPING TECHNIQUE,GET OUT,26
15698,MICHAEL LAW,Q2413003,MICHAEL ABELS,HOW TO USE THE TELEPHONE,SEE YOU YESTERDAY,24
15698,MICHAEL LAW,Q50093838,MICHAEL BARRA,PLAYING WITH FIRE,THE GREATEST SHOWMAN,43
15698,MICHAEL LAW,Q50093838,MICHAEL BARRA,TYPING TECHNIQUE,THE GREATEST SHOWMAN,33
15698,MICHAEL LAW,Q50093838,MICHAEL BARRA,HOW TO USE THE TELEPHONE,THE GREATEST SHOWMAN,36
15698,MICHAEL LAW,Q6832108,MICHAEL LATHAM,PLAYING WITH FIRE,CASTING JONBENET,36
15698,MICHAEL LAW,Q6832108,MICHAEL LATHAM,TYPING TECHNIQUE,CASTING JONBENET,25
15698,MICHAEL LAW,Q6832108,MICHAEL LATHAM,HOW TO USE THE TELEPHONE,CASTING JONBENET,25
15698,MICHAEL LAW,Q22693032,MICHAEL MENZEL,PLAYING WITH FIRE,DIE BESTE ALLER WELTEN,36
15698,MICHAEL LAW,Q22693032,MICHAEL MENZEL,TYPING TECHNIQUE,DIE BESTE ALLER WELTEN,37
15698,MICHAEL LAW,Q22693032,MICHAEL MENZEL,HOW TO USE THE TELEPHONE,THE BEST OF ALL WORLDS,35
15698,MICHAEL LAW,Q77082640,MICHAEL MATTHEWS,PLAYING WITH FIRE,FIVE FINGERS FOR MARSEILLES,27
15698,MICHAEL LAW,Q77082640,MICHAEL MATTHEWS,TYPING TECHNIQUE,FIVE FINGERS FOR MARSEILLES,14
15698,MICHAEL LAW,Q77082640,MICHAEL MATTHEWS,HOW TO USE THE TELEPHONE,FIVE FINGERS FOR MARSEILLES,24
15698,MICHAEL LAW,Q6830652,MICHAEL GOLAMCO,PLAYING WITH FIRE,PLEASE STAND BY,31
15698,MICHAEL LAW,Q6830652,MICHAEL GOLAMCO,TYPING TECHNIQUE,PLEASE STAND BY,32
15698,MICHAEL LAW,Q6830652,MICHAEL GOLAMCO,HOW TO USE THE TELEPHONE,PLEASE STAND BY,31
15698,MICHAEL LAW,Q30122913,MICHAEL LIEBER,PLAYING WITH FIRE,A ROOM TO DIE FOR,29
15698,MICHAEL LAW,Q30122913,MICHAEL LIEBER,TYPING TECHNIQUE,A ROOM TO DIE FOR,24
15698,MICHAEL LAW,Q30122913,MICHAEL LIEBER,HOW TO USE THE TELEPHONE,A ROOM TO DIE FOR,29
15698,MICHAEL LAW,Q102363019,MICHAELA KLENKOVA,PLAYING WITH FIRE,HARVIE AND THE MAGIC MUSEUM,36
15698,MICHAEL LAW,Q102363019,MICHAELA KLENKOVA,TYPING TECHNIQUE,THE PRAGUE ORGY,26
15698,MICHAEL LAW,Q102363019,MICHAELA KLENKOVA,HOW TO USE THE TELEPHONE,THE PRAGUE ORGY,41
15698,MICHAEL LAW,Q19295838,MARK MICHEL,PLAYING WITH FIRE,SANDMADCHEN,14
15698,MICHAEL LAW,Q19295838,MARK MICHEL,TYPING TECHNIQUE,SANDMADCHEN,22
15698,MICHAEL LAW,Q19295838,MARK MICHEL,HOW TO USE THE TELEPHONE,SANDMADCHEN,17
15698,MICHAEL LAW,Q42309780,MICHAEL COLTON,PLAYING WITH FIRE,A FUTILE AND STUPID GESTURE,32
15698,MICHAEL LAW,Q42309780,MICHAEL COLTON,TYPING TECHNIQUE,A FUTILE AND STUPID GESTURE,33
15698,MICHAEL LAW,Q42309780,MICHAEL COLTON,HOW TO USE THE TELEPHONE,A FUTILE AND STUPID GESTURE,31
15698,MICHAEL LAW,Q3308183,MICHAEL ENGLER,PLAYING WITH FIRE,THE CHAPERONE,33
15698,MICHAEL LAW,Q3308183,MICHAEL ENGLER,TYPING TECHNIQUE,THE CHAPERONE,41
15698,MICHAEL LAW,Q3308183,MICHAEL ENGLER,HOW TO USE THE TELEPHONE,THE CHAPERONE,49
15698,MICHAEL LAW,Q1928551,MICHAEL MASON,PLAYING WITH FIRE,GOD'S NOT DEAD: A LIGHT IN DARKNESS,35
15698,MICHAEL LAW,Q1928551,MICHAEL MASON,TYPING TECHNIQUE,GOD'S NOT DEAD: A LIGHT IN DARKNESS,24
15698,MICHAEL LAW,Q1928551,MICHAEL MASON,HOW TO USE THE TELEPHONE,GOD'S NOT DEAD: A LIGHT IN DARKNESS,31
15698,MICHAEL LAW,Q6831033,MICHAEL HEALEY,PLAYING WITH FIRE,THE DRAWER BOY,32
15698,MICHAEL LAW,Q6831033,MICHAEL HEALEY,TYPING TECHNIQUE,THE DRAWER BOY,20
15698,MICHAEL LAW,Q6831033,MICHAEL HEALEY,HOW TO USE THE TELEPHONE,THE DRAWER BOY,37
15698,MICHAEL LAW,Q46847660,MICHAEL FARBER,PLAYING WITH FIRE,"THE NAGANO TAPES: REWOUND, REPLAYED & REVIEWED",37
15698,MICHAEL LAW,Q46847660,MICHAEL FARBER,TYPING TECHNIQUE,THE NAGANO TAPES,25
15698,MICHAEL LAW,Q46847660,MICHAEL FARBER,HOW TO USE THE TELEPHONE,THE NAGANO TAPES,40
15698,MICHAEL LAW,Q96693562,LAURA MITCHELL,PLAYING WITH FIRE,HARRY & MEGHAN: A ROYAL ROMANCE,18
15698,MICHAEL LAW,Q96693562,LAURA MITCHELL,TYPING TECHNIQUE,HARRY & MEGHAN: A ROYAL ROMANCE,23
15698,MICHAEL LAW,Q96693562,LAURA MITCHELL,HOW TO USE THE TELEPHONE,HARRY & MEGHAN: A ROYAL ROMANCE,23
15698,MICHAEL LAW,Q60351348,MICHAEL CHAVES,PLAYING WITH FIRE,THE CURSE OF LA LLORONA,45
15698,MICHAEL LAW,Q60351348,MICHAEL CHAVES,TYPING TECHNIQUE,THE CURSE OF LA LLORONA,26
15698,MICHAEL LAW,Q60351348,MICHAEL CHAVES,HOW TO USE THE TELEPHONE,THE CONJURING: THE DEVIL MADE ME DO IT,33
15698,MICHAEL LAW,Q66380942,MICHAEL A. HELFANT,PLAYING WITH FIRE,THEM THAT FOLLOW,24
15698,MICHAEL LAW,Q66380942,MICHAEL A. HELFANT,TYPING TECHNIQUE,THEM THAT FOLLOW,12
15698,MICHAEL LAW,Q66380942,MICHAEL A. HELFANT,HOW TO USE THE TELEPHONE,THEM THAT FOLLOW,45
15698,MICHAEL LAW,Q75729773,MICHAEL DWYER,PLAYING WITH FIRE,PAVAROTTI,8
15698,MICHAEL LAW,Q75729773,MICHAEL DWYER,TYPING TECHNIQUE,PAVAROTTI,16
15698,MICHAEL LAW,Q75729773,MICHAEL DWYER,HOW TO USE THE TELEPHONE,PAVAROTTI,18
15698,MICHAEL LAW,Q63635446,MICHAEL LATHAM,PLAYING WITH FIRE,ISLAND OF THE HUNGRY GHOSTS,32
15698,MICHAEL LAW,Q63635446,MICHAEL LATHAM,TYPING TECHNIQUE,ISLAND OF THE HUNGRY GHOSTS,28
15698,MICHAEL LAW,Q63635446,MICHAEL LATHAM,HOW TO USE THE TELEPHONE,ISLAND OF THE HUNGRY GHOSTS,35
15698,MICHAEL LAW,Q65643634,ANVESH MICHAEL,PLAYING WITH FIRE,MALLESHAM,15
15698,MICHAEL LAW,Q65643634,ANVESH MICHAEL,TYPING TECHNIQUE,MALLESHAM,16
15698,MICHAEL LAW,Q65643634,ANVESH MICHAEL,HOW TO USE THE TELEPHONE,MALLESHAM,18
15698,MICHAEL LAW,Q6831959,MICHAEL KORYTA,PLAYING WITH FIRE,THOSE WHO WISH ME DEAD,31
15698,MICHAEL LAW,Q6831959,MICHAEL KORYTA,TYPING TECHNIQUE,THOSE WHO WISH ME DEAD,26
15698,MICHAEL LAW,Q6831959,MICHAEL KORYTA,HOW TO USE THE TELEPHONE,THOSE WHO WISH ME DEAD,43
15698,MICHAEL LAW,Q1523275,MICHAEL DUGGAN,PLAYING WITH FIRE,THE F**K-IT LIST,31
15698,MICHAEL LAW,Q1523275,MICHAEL DUGGAN,TYPING TECHNIQUE,THE F**K-IT LIST,26
15698,MICHAEL LAW,Q1523275,MICHAEL DUGGAN,HOW TO USE THE TELEPHONE,THE F**K-IT LIST,36
15698,MICHAEL LAW,Q101645534,LIAM MITCHELL,PLAYING WITH FIRE,CAKE DAY,32
15698,MICHAEL LAW,Q101645534,LIAM MITCHELL,TYPING TECHNIQUE,CAKE DAY,33
15698,MICHAEL LAW,Q101645534,LIAM MITCHELL,HOW TO USE THE TELEPHONE,CAKE DAY,12
15698,MICHAEL LAW,Q6832227,MICHAEL LEVITT,PLAYING WITH FIRE,"HOLD-UP, RETOUR SUR UN CHAOS",18
15698,MICHAEL LAW,Q6832227,MICHAEL LEVITT,TYPING TECHNIQUE,HOLD-UP,26
15698,MICHAEL LAW,Q6832227,MICHAEL LEVITT,HOW TO USE THE TELEPHONE,HOLD-UP,32
15698,MICHAEL LAW,Q6830002,MICHAEL DWECK,PLAYING WITH FIRE,THE TRUFFLE HUNTERS,22
15698,MICHAEL LAW,Q6830002,MICHAEL DWECK,TYPING TECHNIQUE,THE TRUFFLE HUNTERS,34
15698,MICHAEL LAW,Q6830002,MICHAEL DWECK,HOW TO USE THE TELEPHONE,THE TRUFFLE HUNTERS,51
15698,MICHAEL LAW,Q6831901,MICHAEL KLAPER,PLAYING WITH FIRE,SEASPIRACY,30
15698,MICHAEL LAW,Q6831901,MICHAEL KLAPER,TYPING TECHNIQUE,TAKEOUT,35
15698,MICHAEL LAW,Q6831901,MICHAEL KLAPER,HOW TO USE THE TELEPHONE,TAKEOUT,13
15698,MICHAEL LAW,Q107369500,MICHAEL BOWES,PLAYING WITH FIRE,JOHN AND THE HOLE,35
15698,MICHAEL LAW,Q107369500,MICHAEL BOWES,TYPING TECHNIQUE,JOHN AND THE HOLE,30
15698,MICHAEL LAW,Q107369500,MICHAEL BOWES,HOW TO USE THE TELEPHONE,JOHN AND THE HOLE,49
15698,MICHAEL LAW,Q110393717,MICHAEL BAUMAN,PLAYING WITH FIRE,LICORICE PIZZA,39
15698,MICHAEL LAW,Q110393717,MICHAEL BAUMAN,TYPING TECHNIQUE,LICORICE PIZZA,40
15698,MICHAEL LAW,Q110393717,MICHAEL BAUMAN,HOW TO USE THE TELEPHONE,LICORICE PIZZA,16
15698,MICHAEL LAW,Q99460828,MICHEL BIEL,PLAYING WITH FIRE,SENTINELLE,22
15698,MICHAEL LAW,Q99460828,MICHEL BIEL,TYPING TECHNIQUE,SENTINELLE,23
15698,MICHAEL LAW,Q99460828,MICHEL BIEL,HOW TO USE THE TELEPHONE,SENTINELLE,24
