acmi_id,acmi_name,wikidata_id,wikidata_name,acmi_title,wikidata_title,match
25820,ONLINE VIDEOS,Q5145633,COLIN VAINES,TRAINS REMEMBERED. - VOLUME 1.,CORIOLANUS,28
25820,ONLINE VIDEOS,Q5145633,COLIN VAINES,TRAINS REMEMBERED. - VOLUME 3.,CORIOLANUS,28
25820,ONLINE VIDEOS,Q5145633,COLIN VAINES,TRAINS REMEMBERED. - VOLUME 2.,CORIOLANUS,28
