acmi_id,acmi_name,wikidata_id,wikidata_name,acmi_title,wikidata_title,match
55447,RACHEL TALALAY,Q508224,RACHEL TALALAY,CRY-BABY,CRY-BABY,100
55447,RACHEL TALALAY,Q508224,RACHEL TALALAY,TANK GIRL,TANK GIRL,100
55447,RACHEL TALALAY,Q508224,RACHEL TALALAY,HAIRSPRAY,HAIRSPRAY,100
55447,RACHEL TALALAY,Q259840,RACHEL SHELLEY,CRY-BABY,GRAY MATTERS,40
55447,RACHEL TALALAY,Q259840,RACHEL SHELLEY,TANK GIRL,PHOTOGRAPHING FAIRIES,40
55447,RACHEL TALALAY,Q259840,RACHEL SHELLEY,HAIRSPRAY,PHOTOGRAPHING FAIRIES,47
55447,RACHEL TALALAY,Q235248,RACHAEL TAYLOR,CRY-BABY,CEDAR BOYS,56
55447,RACHEL TALALAY,Q235248,RACHAEL TAYLOR,TANK GIRL,SEE NO EVIL,40
55447,RACHEL TALALAY,Q235248,RACHAEL TAYLOR,HAIRSPRAY,ARQ,33
