acmi_id,acmi_name,wikidata_id,wikidata_name,acmi_title,wikidata_title,match
74207,GRANT MCLEAN,Q230184,LEE GRANT,RAW MATERIAL,WOMEN ON TRIAL,54
74207,GRANT MCLEAN,Q230184,LEE GRANT,NO LONGER VANISHING,VISITING HOURS,55
74207,GRANT MCLEAN,Q230184,LEE GRANT,NEW HEARTS FOR OLD,SEASONS OF THE HEART,42
74207,GRANT MCLEAN,Q230184,LEE GRANT,ELDER CITIZEN,PARTNERS IN CRIME,47
74207,GRANT MCLEAN,Q230184,LEE GRANT,MONKEY ON THE BACK,THE BALCONY,69
74207,GRANT MCLEAN,Q230184,LEE GRANT,DIGGERS OF THE DEEPS,MIDDLE OF THE NIGHT,62
74207,GRANT MCLEAN,Q230184,LEE GRANT,FAREWELL OAK STREET,THE SUBSTANCE OF FIRE,50
74207,GRANT MCLEAN,Q230184,LEE GRANT,BORDERLINE,BATTERED,44
74207,GRANT MCLEAN,Q230184,LEE GRANT,ROYAL RIVER [ABRIDGED VERSION],DIVORCE AMERICAN STYLE,44
74207,GRANT MCLEAN,Q230184,LEE GRANT,ARE PEOPLE SHEEP?,PIE IN THE SKY,47
74207,GRANT MCLEAN,Q5596335,GRANT MCLEAN,RAW MATERIAL,ROYAL JOURNEY,32
74207,GRANT MCLEAN,Q5596335,GRANT MCLEAN,NO LONGER VANISHING,ROYAL JOURNEY,6
74207,GRANT MCLEAN,Q5596335,GRANT MCLEAN,NEW HEARTS FOR OLD,ROYAL JOURNEY,45
74207,GRANT MCLEAN,Q5596335,GRANT MCLEAN,ELDER CITIZEN,ROYAL JOURNEY,23
74207,GRANT MCLEAN,Q5596335,GRANT MCLEAN,MONKEY ON THE BACK,ROYAL JOURNEY,39
74207,GRANT MCLEAN,Q5596335,GRANT MCLEAN,DIGGERS OF THE DEEPS,ROYAL JOURNEY,24
74207,GRANT MCLEAN,Q5596335,GRANT MCLEAN,FAREWELL OAK STREET,ROYAL JOURNEY,12
74207,GRANT MCLEAN,Q5596335,GRANT MCLEAN,BORDERLINE,ROYAL JOURNEY,35
74207,GRANT MCLEAN,Q5596335,GRANT MCLEAN,ROYAL RIVER [ABRIDGED VERSION],ROYAL JOURNEY,39
74207,GRANT MCLEAN,Q5596335,GRANT MCLEAN,ARE PEOPLE SHEEP?,ROYAL JOURNEY,14
74207,GRANT MCLEAN,Q4980026,BRYAN COLEMAN,RAW MATERIAL,THE PLANTER'S WIFE,33
74207,GRANT MCLEAN,Q4980026,BRYAN COLEMAN,NO LONGER VANISHING,THE PLANTER'S WIFE,38
74207,GRANT MCLEAN,Q4980026,BRYAN COLEMAN,NEW HEARTS FOR OLD,THE PLANTER'S WIFE,33
74207,GRANT MCLEAN,Q4980026,BRYAN COLEMAN,ELDER CITIZEN,THE PLANTER'S WIFE,19
74207,GRANT MCLEAN,Q4980026,BRYAN COLEMAN,MONKEY ON THE BACK,THE PLANTER'S WIFE,33
74207,GRANT MCLEAN,Q4980026,BRYAN COLEMAN,DIGGERS OF THE DEEPS,THE PLANTER'S WIFE,42
74207,GRANT MCLEAN,Q4980026,BRYAN COLEMAN,FAREWELL OAK STREET,THE PLANTER'S WIFE,38
74207,GRANT MCLEAN,Q4980026,BRYAN COLEMAN,BORDERLINE,THE PLANTER'S WIFE,29
74207,GRANT MCLEAN,Q4980026,BRYAN COLEMAN,ROYAL RIVER [ABRIDGED VERSION],THE PLANTER'S WIFE,30
74207,GRANT MCLEAN,Q4980026,BRYAN COLEMAN,ARE PEOPLE SHEEP?,THE PLANTER'S WIFE,29
74207,GRANT MCLEAN,Q264648,GERALDINE MCEWAN,RAW MATERIAL,THE CONTAMINATED MAN,38
74207,GRANT MCLEAN,Q264648,GERALDINE MCEWAN,NO LONGER VANISHING,THE LOVE LETTER,41
74207,GRANT MCLEAN,Q264648,GERALDINE MCEWAN,NEW HEARTS FOR OLD,FOOD OF LOVE,40
74207,GRANT MCLEAN,Q264648,GERALDINE MCEWAN,ELDER CITIZEN,THE CONTAMINATED MAN,42
74207,GRANT MCLEAN,Q264648,GERALDINE MCEWAN,MONKEY ON THE BACK,THE LOVE LETTER,42
74207,GRANT MCLEAN,Q264648,GERALDINE MCEWAN,DIGGERS OF THE DEEPS,THE MAGDALENE SISTERS,59
74207,GRANT MCLEAN,Q264648,GERALDINE MCEWAN,FAREWELL OAK STREET,THE MAGDALENE SISTERS,40
74207,GRANT MCLEAN,Q264648,GERALDINE MCEWAN,BORDERLINE,FOREIGN BODY,55
74207,GRANT MCLEAN,Q264648,GERALDINE MCEWAN,ROYAL RIVER [ABRIDGED VERSION],LOVE'S LABOUR'S LOST,38
74207,GRANT MCLEAN,Q264648,GERALDINE MCEWAN,ARE PEOPLE SHEEP?,LOVE'S LABOUR'S LOST,44
74207,GRANT MCLEAN,Q20015384,HELLEN GRANT,RAW MATERIAL,VILLA CARINO,33
74207,GRANT MCLEAN,Q20015384,HELLEN GRANT,NO LONGER VANISHING,VILLA CARINO,39
74207,GRANT MCLEAN,Q20015384,HELLEN GRANT,NEW HEARTS FOR OLD,WIZARDS OF THE LOST KINGDOM,31
74207,GRANT MCLEAN,Q20015384,HELLEN GRANT,ELDER CITIZEN,VILLA CARINO,32
74207,GRANT MCLEAN,Q20015384,HELLEN GRANT,MONKEY ON THE BACK,WIZARDS OF THE LOST KINGDOM,40
74207,GRANT MCLEAN,Q20015384,HELLEN GRANT,DIGGERS OF THE DEEPS,ORDEN DE MATAR,41
74207,GRANT MCLEAN,Q20015384,HELLEN GRANT,FAREWELL OAK STREET,ORDEN DE MATAR,36
74207,GRANT MCLEAN,Q20015384,HELLEN GRANT,BORDERLINE,ORDEN DE MATAR,42
74207,GRANT MCLEAN,Q20015384,HELLEN GRANT,ROYAL RIVER [ABRIDGED VERSION],VILLA CARINO,35
74207,GRANT MCLEAN,Q20015384,HELLEN GRANT,ARE PEOPLE SHEEP?,VILLA CARINO,29
74207,GRANT MCLEAN,Q190379,IAN MCEWAN,RAW MATERIAL,ON CHESIL BEACH,37
74207,GRANT MCLEAN,Q190379,IAN MCEWAN,NO LONGER VANISHING,THE PLOUGHMAN'S LUNCH,35
74207,GRANT MCLEAN,Q190379,IAN MCEWAN,NEW HEARTS FOR OLD,ON CHESIL BEACH,36
74207,GRANT MCLEAN,Q190379,IAN MCEWAN,ELDER CITIZEN,THE UNBELIEVERS,50
74207,GRANT MCLEAN,Q190379,IAN MCEWAN,MONKEY ON THE BACK,THE CHILDREN ACT,53
74207,GRANT MCLEAN,Q190379,IAN MCEWAN,DIGGERS OF THE DEEPS,THE GOOD SON,44
74207,GRANT MCLEAN,Q190379,IAN MCEWAN,FAREWELL OAK STREET,THE COMFORT OF STRANGERS,47
74207,GRANT MCLEAN,Q190379,IAN MCEWAN,BORDERLINE,THE CEMENT GARDEN,37
74207,GRANT MCLEAN,Q190379,IAN MCEWAN,ROYAL RIVER [ABRIDGED VERSION],THE UNBELIEVERS,33
74207,GRANT MCLEAN,Q190379,IAN MCEWAN,ARE PEOPLE SHEEP?,THE UNBELIEVERS,39
74207,GRANT MCLEAN,Q5585529,GORDON MCCLELLAN,RAW MATERIAL,TERMINI STATION,37
74207,GRANT MCLEAN,Q5585529,GORDON MCCLELLAN,NO LONGER VANISHING,VANISHED - LEFT BEHIND: NEXT GENERATION,44
74207,GRANT MCLEAN,Q5585529,GORDON MCCLELLAN,NEW HEARTS FOR OLD,THE HOLIDAY CALENDAR,32
74207,GRANT MCLEAN,Q5585529,GORDON MCCLELLAN,ELDER CITIZEN,TERMINI STATION,43
74207,GRANT MCLEAN,Q5585529,GORDON MCCLELLAN,MONKEY ON THE BACK,THE HOLIDAY CALENDAR,42
74207,GRANT MCLEAN,Q5585529,GORDON MCCLELLAN,DIGGERS OF THE DEEPS,THE HOLIDAY CALENDAR,35
74207,GRANT MCLEAN,Q5585529,GORDON MCCLELLAN,FAREWELL OAK STREET,RESURRECTION,39
74207,GRANT MCLEAN,Q5585529,GORDON MCCLELLAN,BORDERLINE,TERMINI STATION,40
74207,GRANT MCLEAN,Q5585529,GORDON MCCLELLAN,ROYAL RIVER [ABRIDGED VERSION],RESURRECTION,35
74207,GRANT MCLEAN,Q5585529,GORDON MCCLELLAN,ARE PEOPLE SHEEP?,THE HOLIDAY CALENDAR,44
74207,GRANT MCLEAN,Q3218830,LAUREN GRANDT,RAW MATERIAL,VILLE A VENDRE,38
74207,GRANT MCLEAN,Q3218830,LAUREN GRANDT,NO LONGER VANISHING,VILLE A VENDRE,24
74207,GRANT MCLEAN,Q3218830,LAUREN GRANDT,NEW HEARTS FOR OLD,VILLE A VENDRE,19
74207,GRANT MCLEAN,Q3218830,LAUREN GRANDT,ELDER CITIZEN,VILLE A VENDRE,30
74207,GRANT MCLEAN,Q3218830,LAUREN GRANDT,MONKEY ON THE BACK,VILLE A VENDRE,38
74207,GRANT MCLEAN,Q3218830,LAUREN GRANDT,DIGGERS OF THE DEEPS,BONSOIR,22
74207,GRANT MCLEAN,Q3218830,LAUREN GRANDT,FAREWELL OAK STREET,VILLE A VENDRE,36
74207,GRANT MCLEAN,Q3218830,LAUREN GRANDT,BORDERLINE,BONSOIR,35
74207,GRANT MCLEAN,Q3218830,LAUREN GRANDT,ROYAL RIVER [ABRIDGED VERSION],VILLE A VENDRE,29
74207,GRANT MCLEAN,Q3218830,LAUREN GRANDT,ARE PEOPLE SHEEP?,VILLE A VENDRE,40
74207,GRANT MCLEAN,Q3845502,MARCELLA GRANITO,RAW MATERIAL,L'IMBALSAMATORE,37
74207,GRANT MCLEAN,Q3845502,MARCELLA GRANITO,NO LONGER VANISHING,L'IMBALSAMATORE,24
74207,GRANT MCLEAN,Q3845502,MARCELLA GRANITO,NEW HEARTS FOR OLD,L'IMBALSAMATORE,24
74207,GRANT MCLEAN,Q3845502,MARCELLA GRANITO,ELDER CITIZEN,L'IMBALSAMATORE,36
74207,GRANT MCLEAN,Q3845502,MARCELLA GRANITO,MONKEY ON THE BACK,L'IMBALSAMATORE,18
74207,GRANT MCLEAN,Q3845502,MARCELLA GRANITO,DIGGERS OF THE DEEPS,L'IMBALSAMATORE,11
74207,GRANT MCLEAN,Q3845502,MARCELLA GRANITO,FAREWELL OAK STREET,L'IMBALSAMATORE,24
74207,GRANT MCLEAN,Q3845502,MARCELLA GRANITO,BORDERLINE,L'IMBALSAMATORE,40
74207,GRANT MCLEAN,Q3845502,MARCELLA GRANITO,ROYAL RIVER [ABRIDGED VERSION],L'IMBALSAMATORE,19
74207,GRANT MCLEAN,Q3845502,MARCELLA GRANITO,ARE PEOPLE SHEEP?,L'IMBALSAMATORE,32
74207,GRANT MCLEAN,Q107192403,GORDON MCLENNAN,RAW MATERIAL,MY LIFE WITHOUT ME,13
74207,GRANT MCLEAN,Q107192403,GORDON MCLENNAN,NO LONGER VANISHING,MY LIFE WITHOUT ME,11
74207,GRANT MCLEAN,Q107192403,GORDON MCLENNAN,NEW HEARTS FOR OLD,MY LIFE WITHOUT ME,17
74207,GRANT MCLEAN,Q107192403,GORDON MCLENNAN,ELDER CITIZEN,MY LIFE WITHOUT ME,13
74207,GRANT MCLEAN,Q107192403,GORDON MCLENNAN,MONKEY ON THE BACK,MY LIFE WITHOUT ME,39
74207,GRANT MCLEAN,Q107192403,GORDON MCLENNAN,DIGGERS OF THE DEEPS,MY LIFE WITHOUT ME,32
74207,GRANT MCLEAN,Q107192403,GORDON MCLENNAN,FAREWELL OAK STREET,MY LIFE WITHOUT ME,27
74207,GRANT MCLEAN,Q107192403,GORDON MCLENNAN,BORDERLINE,MY LIFE WITHOUT ME,21
74207,GRANT MCLEAN,Q107192403,GORDON MCLENNAN,ROYAL RIVER [ABRIDGED VERSION],MY LIFE WITHOUT ME,22
74207,GRANT MCLEAN,Q107192403,GORDON MCLENNAN,ARE PEOPLE SHEEP?,MY LIFE WITHOUT ME,29
74207,GRANT MCLEAN,Q3807015,JANE MCLEAN,RAW MATERIAL,INTERN ACADEMY,31
74207,GRANT MCLEAN,Q3807015,JANE MCLEAN,NO LONGER VANISHING,LEVITY,32
74207,GRANT MCLEAN,Q3807015,JANE MCLEAN,NEW HEARTS FOR OLD,LEVITY,17
74207,GRANT MCLEAN,Q3807015,JANE MCLEAN,ELDER CITIZEN,THE TIME TRAVELER'S WIFE,43
74207,GRANT MCLEAN,Q3807015,JANE MCLEAN,MONKEY ON THE BACK,INTERN ACADEMY,50
74207,GRANT MCLEAN,Q3807015,JANE MCLEAN,DIGGERS OF THE DEEPS,INTERN ACADEMY,35
74207,GRANT MCLEAN,Q3807015,JANE MCLEAN,FAREWELL OAK STREET,THE TIME TRAVELER'S WIFE,23
74207,GRANT MCLEAN,Q3807015,JANE MCLEAN,BORDERLINE,INTERN ACADEMY,42
74207,GRANT MCLEAN,Q3807015,JANE MCLEAN,ROYAL RIVER [ABRIDGED VERSION],INTERN ACADEMY,24
74207,GRANT MCLEAN,Q3807015,JANE MCLEAN,ARE PEOPLE SHEEP?,THE TIME TRAVELER'S WIFE,35
74207,GRANT MCLEAN,Q3116260,GREG MCLEAN,RAW MATERIAL,RED HILL,40
74207,GRANT MCLEAN,Q3116260,GREG MCLEAN,NO LONGER VANISHING,THE BELKO EXPERIMENT,31
74207,GRANT MCLEAN,Q3116260,GREG MCLEAN,NEW HEARTS FOR OLD,WOLF CREEK,36
74207,GRANT MCLEAN,Q3116260,GREG MCLEAN,ELDER CITIZEN,WOLF CREEK,35
74207,GRANT MCLEAN,Q3116260,GREG MCLEAN,MONKEY ON THE BACK,THE DARKNESS,53
74207,GRANT MCLEAN,Q3116260,GREG MCLEAN,DIGGERS OF THE DEEPS,THE DARKNESS,50
74207,GRANT MCLEAN,Q3116260,GREG MCLEAN,FAREWELL OAK STREET,RED HILL,37
74207,GRANT MCLEAN,Q3116260,GREG MCLEAN,BORDERLINE,THE BELKO EXPERIMENT,47
74207,GRANT MCLEAN,Q3116260,GREG MCLEAN,ROYAL RIVER [ABRIDGED VERSION],6 MIRANDA DRIVE,37
74207,GRANT MCLEAN,Q3116260,GREG MCLEAN,ARE PEOPLE SHEEP?,THE BELKO EXPERIMENT,44
74207,GRANT MCLEAN,Q3289001,MARCEL GRANT,RAW MATERIAL,JUST INES,10
74207,GRANT MCLEAN,Q3289001,MARCEL GRANT,NO LONGER VANISHING,JUST INES,14
74207,GRANT MCLEAN,Q3289001,MARCEL GRANT,NEW HEARTS FOR OLD,JUST INES,22
74207,GRANT MCLEAN,Q3289001,MARCEL GRANT,ELDER CITIZEN,JUST INES,18
74207,GRANT MCLEAN,Q3289001,MARCEL GRANT,MONKEY ON THE BACK,JUST INES,15
74207,GRANT MCLEAN,Q3289001,MARCEL GRANT,DIGGERS OF THE DEEPS,JUST INES,34
74207,GRANT MCLEAN,Q3289001,MARCEL GRANT,FAREWELL OAK STREET,JUST INES,29
74207,GRANT MCLEAN,Q3289001,MARCEL GRANT,BORDERLINE,JUST INES,32
74207,GRANT MCLEAN,Q3289001,MARCEL GRANT,ROYAL RIVER [ABRIDGED VERSION],JUST INES,22
74207,GRANT MCLEAN,Q3289001,MARCEL GRANT,ARE PEOPLE SHEEP?,JUST INES,24
74207,GRANT MCLEAN,Q4755182,ANDREA MCLEAN,RAW MATERIAL,A LANDSCAPE OF LIES,26
74207,GRANT MCLEAN,Q4755182,ANDREA MCLEAN,NO LONGER VANISHING,A LANDSCAPE OF LIES,26
74207,GRANT MCLEAN,Q4755182,ANDREA MCLEAN,NEW HEARTS FOR OLD,A LANDSCAPE OF LIES,27
74207,GRANT MCLEAN,Q4755182,ANDREA MCLEAN,ELDER CITIZEN,A LANDSCAPE OF LIES,25
74207,GRANT MCLEAN,Q4755182,ANDREA MCLEAN,MONKEY ON THE BACK,A LANDSCAPE OF LIES,32
74207,GRANT MCLEAN,Q4755182,ANDREA MCLEAN,DIGGERS OF THE DEEPS,A LANDSCAPE OF LIES,36
74207,GRANT MCLEAN,Q4755182,ANDREA MCLEAN,FAREWELL OAK STREET,A LANDSCAPE OF LIES,26
74207,GRANT MCLEAN,Q4755182,ANDREA MCLEAN,BORDERLINE,A LANDSCAPE OF LIES,34
74207,GRANT MCLEAN,Q4755182,ANDREA MCLEAN,ROYAL RIVER [ABRIDGED VERSION],A LANDSCAPE OF LIES,21
74207,GRANT MCLEAN,Q4755182,ANDREA MCLEAN,ARE PEOPLE SHEEP?,A LANDSCAPE OF LIES,29
74207,GRANT MCLEAN,Q24661020,LAURENS GRANT,RAW MATERIAL,JESSE OWENS,26
74207,GRANT MCLEAN,Q24661020,LAURENS GRANT,NO LONGER VANISHING,JESSE OWENS,20
74207,GRANT MCLEAN,Q24661020,LAURENS GRANT,NEW HEARTS FOR OLD,JESSE OWENS,34
74207,GRANT MCLEAN,Q24661020,LAURENS GRANT,ELDER CITIZEN,JESSE OWENS,17
74207,GRANT MCLEAN,Q24661020,LAURENS GRANT,MONKEY ON THE BACK,JESSE OWENS,28
74207,GRANT MCLEAN,Q24661020,LAURENS GRANT,DIGGERS OF THE DEEPS,JESSE OWENS,32
74207,GRANT MCLEAN,Q24661020,LAURENS GRANT,FAREWELL OAK STREET,JESSE OWENS,27
74207,GRANT MCLEAN,Q24661020,LAURENS GRANT,BORDERLINE,JESSE OWENS,29
74207,GRANT MCLEAN,Q24661020,LAURENS GRANT,ROYAL RIVER [ABRIDGED VERSION],JESSE OWENS,21
74207,GRANT MCLEAN,Q24661020,LAURENS GRANT,ARE PEOPLE SHEEP?,JESSE OWENS,30
74207,GRANT MCLEAN,Q27051617,GRANT MCPHEE,RAW MATERIAL,SARAH'S ROOM,33
74207,GRANT MCLEAN,Q27051617,GRANT MCPHEE,NO LONGER VANISHING,NIGHT KALEIDOSCOPE,38
74207,GRANT MCLEAN,Q27051617,GRANT MCPHEE,NEW HEARTS FOR OLD,BIG GOLD DREAM,44
74207,GRANT MCLEAN,Q27051617,GRANT MCPHEE,ELDER CITIZEN,BIG GOLD DREAM,37
74207,GRANT MCLEAN,Q27051617,GRANT MCPHEE,MONKEY ON THE BACK,THE GLASGOW SCHOOL,44
74207,GRANT MCLEAN,Q27051617,GRANT MCPHEE,DIGGERS OF THE DEEPS,THE GLASGOW SCHOOL,42
74207,GRANT MCLEAN,Q27051617,GRANT MCPHEE,FAREWELL OAK STREET,THE GLASGOW SCHOOL,32
74207,GRANT MCLEAN,Q27051617,GRANT MCPHEE,BORDERLINE,TEENAGE SUPERSTARS,29
74207,GRANT MCLEAN,Q27051617,GRANT MCPHEE,ROYAL RIVER [ABRIDGED VERSION],THE GLASGOW SCHOOL,30
74207,GRANT MCLEAN,Q27051617,GRANT MCPHEE,ARE PEOPLE SHEEP?,THE GLASGOW SCHOOL,35
74207,GRANT MCLEAN,Q1351047,MICHAEL GRANT,RAW MATERIAL,FAIR HAVEN,18
74207,GRANT MCLEAN,Q1351047,MICHAEL GRANT,NO LONGER VANISHING,FAIR HAVEN,21
74207,GRANT MCLEAN,Q1351047,MICHAEL GRANT,NEW HEARTS FOR OLD,FAIR HAVEN,43
74207,GRANT MCLEAN,Q1351047,MICHAEL GRANT,ELDER CITIZEN,FAIR HAVEN,26
74207,GRANT MCLEAN,Q1351047,MICHAEL GRANT,MONKEY ON THE BACK,FAIR HAVEN,21
74207,GRANT MCLEAN,Q1351047,MICHAEL GRANT,DIGGERS OF THE DEEPS,FAIR HAVEN,7
74207,GRANT MCLEAN,Q1351047,MICHAEL GRANT,FAREWELL OAK STREET,FAIR HAVEN,28
74207,GRANT MCLEAN,Q1351047,MICHAEL GRANT,BORDERLINE,FAIR HAVEN,30
74207,GRANT MCLEAN,Q1351047,MICHAEL GRANT,ROYAL RIVER [ABRIDGED VERSION],FAIR HAVEN,32
74207,GRANT MCLEAN,Q1351047,MICHAEL GRANT,ARE PEOPLE SHEEP?,FAIR HAVEN,23
74207,GRANT MCLEAN,Q65119552,ANNIE MACLEAN,RAW MATERIAL,PARMI LES VAGUES,21
74207,GRANT MCLEAN,Q65119552,ANNIE MACLEAN,NO LONGER VANISHING,PARMI LES VAGUES,40
74207,GRANT MCLEAN,Q65119552,ANNIE MACLEAN,NEW HEARTS FOR OLD,IN THE WAVES,33
74207,GRANT MCLEAN,Q65119552,ANNIE MACLEAN,ELDER CITIZEN,IN THE WAVES,40
74207,GRANT MCLEAN,Q65119552,ANNIE MACLEAN,MONKEY ON THE BACK,IN THE WAVES,33
74207,GRANT MCLEAN,Q65119552,ANNIE MACLEAN,DIGGERS OF THE DEEPS,PARMI LES VAGUES,39
74207,GRANT MCLEAN,Q65119552,ANNIE MACLEAN,FAREWELL OAK STREET,PARMI LES VAGUES,23
74207,GRANT MCLEAN,Q65119552,ANNIE MACLEAN,BORDERLINE,IN THE WAVES,27
74207,GRANT MCLEAN,Q65119552,ANNIE MACLEAN,ROYAL RIVER [ABRIDGED VERSION],PARMI LES VAGUES,32
74207,GRANT MCLEAN,Q65119552,ANNIE MACLEAN,ARE PEOPLE SHEEP?,IN THE WAVES,29
